id,price_doc
30474,5601804.0
30475,8035687.5
30476,5449098.5
30477,5718094.5
30478,5064661.5
30479,9980952.0
30480,4220211.5
30481,4329767.5
30482,4969641.0
30483,4637030.0
30484,6889488.0
30485,4704607.5
30486,4001313.5
30487,3766167.0
30488,6160407.5
30489,6411666.5
30490,22670300.0
30491,21015604.0
30492,5814823.5
30493,14776298.0
30494,6533698.5
30495,10517002.0
30496,8732518.0
30497,8241133.5
30498,4536307.5
30499,7445750.0
30500,11615050.0
30501,7428182.0
30502,3098738.25
30503,6198853.5
30504,6098060.5
30505,11943434.0
30506,3568369.75
30507,4776339.0
30508,5311337.5
30509,7966925.0
30510,9296354.0
30511,6500851.0
30512,6568547.5
30513,4213019.5
30514,3401106.25
30515,9880346.0
30516,6062471.0
30517,11706414.0
30518,9590040.0
30519,4546681.5
30520,7873177.5
30521,5022851.5
30522,7536739.5
30523,5907037.0
30524,11051204.0
30525,9982082.0
30526,4867530.0
30527,4917807.0
30528,6786965.0
30529,6629720.5
30530,6285657.5
30531,14254802.0
30532,4650824.5
30533,11024716.0
30534,6862413.0
30535,9543088.0
30536,5858871.5
30537,11846368.0
30538,5275309.0
30539,10028514.0
30540,9776988.0
30541,6708046.0
30542,2269167.0
30543,6087959.0
30544,6692583.0
30545,8009965.5
30546,4102611.0
30547,10411082.0
30548,4633970.0
30549,5043051.5
30550,12752794.0
30551,4920442.5
30552,1937708.75
30553,7117765.5
30554,10726672.0
30555,6270573.0
30556,9331478.0
30557,8187999.0
30558,9636942.0
30559,6819197.0
30560,6195906.0
30561,7270880.0
30562,12870894.0
30563,5529541.5
30564,7321001.5
30565,6970923.5
30566,7402693.5
30567,2137340.5
30568,10236406.0
30569,10825662.0
30570,6819732.0
30571,7662000.0
30572,4980613.0
30573,6923775.5
30574,6598065.0
30575,7528236.0
30576,5085808.0
30577,4142685.75
30578,3419367.75
30579,7655756.5
30580,4704472.0
30581,5573810.5
30582,12743754.0
30583,7000587.5
30584,4555991.5
30585,2949904.25
30586,9211960.0
30587,5999962.0
30588,7823519.5
30589,7327568.5
30590,12212656.0
30591,5126869.5
30592,7224460.5
30593,8475656.0
30594,7910952.0
30595,5347367.5
30596,7365755.5
30597,6923775.5
30598,9678368.0
30599,11157186.0
30600,4903879.0
30601,6458425.5
30602,1816621.75
30603,12651458.0
30604,4434105.5
30605,6898284.5
30606,24296374.0
30607,7327485.5
30608,8718808.0
30609,6425540.5
30610,2958549.5
30611,5429261.0
30612,7456994.5
30613,8395768.0
30614,18028374.0
30615,7381767.0
30616,5608940.0
30617,9452008.0
30618,4925039.0
30619,4218744.0
30620,2644151.75
30621,8500974.0
30622,8379916.0
30623,5919855.5
30624,6862304.5
30625,8367314.5
30626,6553417.0
30627,6616339.5
30628,6818815.0
30629,5351886.0
30630,5087424.5
30631,6335199.0
30632,4010066.0
30633,5975671.5
30634,11809298.0
30635,9789828.0
30636,5267306.5
30637,9466916.0
30638,6046801.0
30639,7525375.0
30640,4715863.0
30641,8382963.5
30642,6442010.5
30643,7692500.0
30644,9678368.0
30645,7139397.5
30646,5566418.5
30647,4604534.0
30648,28979524.0
30649,2232209.0
30650,4512185.0
30651,3545158.0
30652,4450637.5
30653,7251280.0
30654,4639082.5
30655,13634002.0
30656,3968668.0
30657,6569169.0
30658,10032822.0
30659,4804953.5
30660,8714390.0
30661,6958252.0
30662,8084047.5
30663,17082840.0
30664,11834886.0
30665,6367446.0
30666,2735513.5
30667,4404123.0
30668,9173936.0
30669,5067494.5
30670,2478590.75
30671,7387204.0
30672,17882474.0
30673,10165568.0
30674,12935362.0
30675,2269167.0
30676,6500559.0
30677,4237965.5
30678,18433186.0
30679,6022860.5
30680,5069658.5
30681,2698080.25
30682,8615596.0
30683,9886180.0
30684,3935661.0
30685,6804910.0
30686,9931444.0
30687,5006165.0
30688,4239286.5
30689,14383182.0
30690,29381392.0
30691,4543593.0
30692,6370447.5
30693,11368178.0
30694,5680195.5
30695,7644026.5
30696,6445947.5
30697,12588080.0
30698,7537326.0
30699,6087401.0
30700,4987805.0
30701,9678368.0
30702,6218158.0
30703,3777803.0
30704,11868864.0
30705,8867068.0
30706,27912676.0
30707,3902362.0
30708,14154414.0
30709,6717246.0
30710,7525028.5
30711,4680329.5
30712,3983719.5
30713,5475571.0
30714,6927457.5
30715,3847501.0
30716,9886180.0
30717,6986907.0
30718,8677072.0
30719,14740364.0
30720,7299250.5
30721,4380499.0
30722,7398913.0
30723,6455173.0
30724,12477924.0
30725,6699116.0
30726,11749568.0
30727,9912870.0
30728,10662190.0
30729,3560597.75
30730,6589720.5
30731,6516896.5
30732,4529639.5
30733,9988068.0
30734,7690341.5
30735,5474449.0
30736,6115799.0
30737,6914763.5
30738,6121881.0
30739,4560425.5
30740,7158446.5
30741,12457148.0
30742,4073517.0
30743,4928648.5
30744,9247936.0
30745,6520053.5
30746,5647924.0
30747,20122476.0
30748,16181650.0
30749,4871827.5
30750,6685690.5
30751,3515707.0
30752,8726134.0
30753,10336422.0
30754,5752803.0
30755,4939566.0
30756,7908824.0
30757,5291202.0
30758,10214302.0
30759,6298901.5
30760,4175483.0
30761,10157214.0
30762,7064339.5
30763,12278394.0
30764,6145138.0
30765,6233212.5
30766,3685596.75
30767,9710026.0
30768,4290536.0
30769,7304355.5
30770,6353995.0
30771,2886092.75
30772,8341655.5
30773,7807134.0
30774,5864573.0
30775,12670764.0
30776,6242843.0
30777,6500391.0
30778,9415144.0
30779,6505644.5
30780,7694592.0
30781,7323991.5
30782,5383320.5
30783,5763878.5
30784,3690788.0
30785,5427562.5
30786,4064389.0
30787,6083695.0
30788,5755397.5
30789,7678623.5
30790,6678092.0
30791,10500656.0
30792,7720046.5
30793,11965344.0
30794,13548064.0
30795,12098114.0
30796,11930850.0
30797,14980672.0
30798,2799905.0
30799,10307946.0
30800,17236390.0
30801,6135580.0
30802,23840358.0
30803,2867347.5
30804,3880593.0
30805,13890098.0
30806,7690698.0
30807,6111635.5
30808,10470582.0
30809,5048611.5
30810,11860676.0
30811,4249391.5
30812,5235661.5
30813,5095853.0
30814,2678316.0
30815,3840637.0
30816,8311441.5
30817,1959846.0
30818,8067021.5
30819,9524160.0
30820,5356087.5
30821,22872568.0
30822,9393932.0
30823,8200641.0
30824,3176811.0
30825,5245851.5
30826,10216976.0
30827,5588398.5
30828,6016091.0
30829,5442569.5
30830,9220482.0
30831,7007600.5
30832,6147964.5
30833,5013302.0
30834,4185646.75
30835,7392235.0
30836,6770764.0
30837,5216188.0
30838,4342803.5
30839,5755927.0
30840,11167402.0
30841,13374978.0
30842,7481579.5
30843,5815411.5
30844,7891914.0
30845,10475916.0
30846,4354782.0
30847,5758715.5
30848,8369893.5
30849,4269298.0
30850,4058904.0
30851,5089238.0
30852,6484278.5
30853,4687251.0
30854,5805068.5
30855,7468102.5
30856,8930500.0
30857,2206911.5
30858,4222608.0
30859,6196814.0
30860,6101909.5
30861,8715658.0
30862,6251756.5
30863,5678459.5
30864,6688711.0
30865,10079426.0
30866,7292330.5
30867,5949180.5
30868,7817215.5
30869,5342007.0
30870,4919364.5
30871,8828520.0
30872,4991645.5
30873,4065668.75
30874,5138649.0
30875,5824009.5
30876,4977429.0
30877,10084174.0
30878,5613600.5
30879,10946168.0
30880,6261512.5
30881,1933331.375
30882,10052516.0
30883,4061351.25
30884,5745612.0
30885,5285537.5
30886,7596081.5
30887,5543143.0
30888,4251053.5
30889,5468924.0
30890,7274338.0
30891,3618433.25
30892,3671650.5
30893,4213019.5
30894,5724472.5
30895,4193684.0
30896,5795959.5
30897,8320939.5
30898,6864339.5
30899,6958675.0
30900,3515184.5
30901,6560220.5
30902,2114068.5
30903,6949850.0
30904,7868840.5
30905,5729892.0
30906,6469962.5
30907,14554832.0
30908,3952694.0
30909,12813694.0
30910,6633953.5
30911,3861361.75
30912,6679135.0
30913,19045088.0
30914,6154100.5
30915,7592437.5
30916,5647902.0
30917,8799862.0
30918,6482894.5
30919,4900830.5
30920,5091924.0
30921,4100375.0
30922,5925889.0
30923,3613015.5
30924,5372423.0
30925,13614830.0
30926,5981715.0
30927,8316910.0
30928,5343139.5
30929,5379615.0
30930,10072866.0
30931,11137910.0
30932,4853056.5
30933,4920363.5
30934,13605684.0
30935,6820481.0
30936,7575124.5
30937,8679854.0
30938,4851038.0
30939,10050704.0
30940,6685437.5
30941,6309600.0
30942,3668918.0
30943,6646496.0
30944,5219677.0
30945,3749489.25
30946,12930742.0
30947,7319311.5
30948,8693472.0
30949,5949226.0
30950,6042003.0
30951,16148418.0
30952,7530725.5
30953,11012310.0
30954,4851478.5
30955,6465375.5
30956,7187398.0
30957,5703882.5
30958,30715086.0
30959,8630930.0
30960,7840655.5
30961,8665038.0
30962,11040596.0
30963,3940683.75
30964,4796754.0
30965,6768354.5
30966,12532620.0
30967,10921642.0
30968,3364233.25
30969,3719899.75
30970,6399929.0
30971,10670734.0
30972,3911762.75
30973,5328386.0
30974,5037905.0
30975,7737176.0
30976,5064965.0
30977,7567573.0
30978,7630500.5
30979,3767545.5
30980,7312534.0
30981,5718340.5
30982,6450792.5
30983,4147315.25
30984,5745612.0
30985,3667707.0
30986,9829112.0
30987,9109396.0
30988,6234540.0
30989,7763102.0
30990,12363006.0
30991,9225800.0
30992,2760759.5
30993,7891817.0
30994,4980468.0
30995,7039689.5
30996,5674257.0
30997,7379778.5
30998,5131389.0
30999,7242611.5
31000,7768405.0
31001,6265934.0
31002,9022048.0
31003,9065430.0
31004,4182061.25
31005,2826724.75
31006,7213071.5
31007,4750704.0
31008,5637308.5
31009,6579677.0
31010,6753282.0
31011,4099229.5
31012,5872333.0
31013,6883041.0
31014,15021440.0
31015,7889802.5
31016,3961807.75
31017,9621302.0
31018,5334136.0
31019,4208264.5
31020,7576125.5
31021,12543236.0
31022,18951722.0
31023,9824810.0
31024,4804819.0
31025,6066253.0
31026,6691424.0
31027,4523807.0
31028,2359164.75
31029,9067562.0
31030,7665547.0
31031,9595474.0
31032,9403766.0
31033,8632714.0
31034,6960548.0
31035,9843672.0
31036,6998386.0
31037,26815208.0
31038,4280360.5
31039,10841270.0
31040,5597256.5
31041,4076633.0
31042,3046334.75
31043,6436531.5
31044,9275630.0
31045,7399535.5
31046,13462238.0
31047,8407644.0
31048,5714198.0
31049,4535495.5
31050,8012812.5
31051,6348956.0
31052,3909803.75
31053,16032328.0
31054,6058261.5
31055,5799975.5
31056,12486592.0
31057,5585515.5
31058,7292510.0
31059,2819237.25
31060,6959810.5
31061,6553460.5
31062,6388571.0
31063,3981766.0
31064,5071374.5
31065,9949506.0
31066,4253681.0
31067,8709866.0
31068,4102931.0
31069,4400589.0
31070,4728361.5
31071,3661430.25
31072,8078702.5
31073,1933331.375
31074,7490653.0
31075,6248453.5
31076,6505278.5
31077,5493436.0
31078,4256894.5
31079,5140187.5
31080,6820044.0
31081,2967214.0
31082,10319154.0
31083,5037998.5
31084,9610860.0
31085,11804778.0
31086,3700966.0
31087,4788445.5
31088,8630642.0
31089,7115002.5
31090,33784628.0
31091,3218570.25
31092,6607371.0
31093,6367446.0
31094,6308085.0
31095,5201000.5
31096,20618322.0
31097,10686742.0
31098,10046274.0
31099,19823984.0
31100,4970166.5
31101,3940718.25
31102,6353849.0
31103,10603352.0
31104,5405569.5
31105,8703270.0
31106,4442860.5
31107,9479046.0
31108,6747273.5
31109,5662749.0
31110,9285744.0
31111,10472704.0
31112,5601514.5
31113,3500158.75
31114,4525604.5
31115,5551175.5
31116,6372584.5
31117,6476410.5
31118,4119505.5
31119,3131131.0
31120,5733086.5
31121,6845220.5
31122,5847357.0
31123,5150102.0
31124,5179726.5
31125,12412138.0
31126,19226102.0
31127,5424027.5
31128,6118032.5
31129,5711008.5
31130,13578568.0
31131,7581451.5
31132,9638416.0
31133,11104304.0
31134,6246624.5
31135,10085224.0
31136,9749128.0
31137,3870500.0
31138,7090667.5
31139,4205145.5
31140,7165618.5
31141,7543642.0
31142,9694476.0
31143,4971323.0
31144,4069725.5
31145,6072476.5
31146,5373063.5
31147,13174188.0
31148,6434578.5
31149,2133291.75
31150,8369893.5
31151,5688691.5
31152,8031934.0
31153,5469196.5
31154,15355426.0
31155,6392655.0
31156,7652399.0
31157,4572998.5
31158,9184470.0
31159,5842769.5
31160,5671545.5
31161,3526557.75
31162,4372646.0
31163,5866683.5
31164,6173036.0
31165,6381141.0
31166,5738339.5
31167,7547988.0
31168,11527530.0
31169,6851445.0
31170,5713085.5
31171,12275186.0
31172,5274329.0
31173,10690180.0
31174,10752900.0
31175,15696632.0
31176,4997820.5
31177,8188904.0
31178,4031697.75
31179,4719973.5
31180,4170221.75
31181,9721758.0
31182,6963477.0
31183,8075070.0
31184,5296876.0
31185,4183061.75
31186,8756442.0
31187,3549403.5
31188,5129917.0
31189,4841783.5
31190,7522480.5
31191,13101450.0
31192,3973017.0
31193,5677239.5
31194,10883016.0
31195,7150760.0
31196,4975568.5
31197,14443304.0
31198,5748292.0
31199,6923775.5
31200,10642376.0
31201,4054004.75
31202,3677278.5
31203,6296006.5
31204,3663519.75
31205,8802066.0
31206,5691210.5
31207,4231101.0
31208,4599013.0
31209,4186515.0
31210,5972918.5
31211,7969853.0
31212,5047819.0
31213,10389948.0
31214,7056995.0
31215,4991645.5
31216,5745612.0
31217,6766063.5
31218,8386580.5
31219,3519371.5
31220,7538410.5
31221,3999620.75
31222,6981450.0
31223,9561720.0
31224,6877824.5
31225,14480440.0
31226,6023767.5
31227,9367052.0
31228,9339090.0
31229,5181147.0
31230,5772911.5
31231,4053726.0
31232,7478537.0
31233,6765833.0
31234,5404081.5
31235,5573628.5
31236,6380633.0
31237,11062602.0
31238,6918506.0
31239,11446860.0
31240,6725883.5
31241,6623917.0
31242,7054492.0
31243,4015029.75
31244,7000944.0
31245,7677047.0
31246,11976100.0
31247,5925838.5
31248,7523662.0
31249,9630876.0
31250,5846091.0
31251,6936930.0
31252,6261512.5
31253,8794104.0
31254,5898964.0
31255,12110436.0
31256,6739314.5
31257,4899950.0
31258,8719536.0
31259,10508444.0
31260,7616190.0
31261,26974226.0
31262,5729892.0
31263,5971621.0
31264,3976468.5
31265,10255728.0
31266,7684757.0
31267,4148026.75
31268,4096708.25
31269,8154878.0
31270,4108586.25
31271,5322179.5
31272,16203758.0
31273,7465356.0
31274,6080211.5
31275,6057604.0
31276,5401090.0
31277,4743558.5
31278,14448188.0
31279,14305688.0
31280,6585021.5
31281,6720734.0
31282,12553850.0
31283,6288458.0
31284,4061217.75
31285,5361931.5
31286,7855845.5
31287,9778976.0
31288,4429565.0
31289,8902018.0
31290,6218903.5
31291,6904032.0
31292,3741851.5
31293,6959258.0
31294,4037008.5
31295,18633536.0
31296,9576524.0
31297,9576008.0
31298,3533909.75
31299,9589038.0
31300,6956992.0
31301,6171055.0
31302,5676842.0
31303,8425466.0
31304,6769050.5
31305,8006754.0
31306,3197993.5
31307,6251024.5
31308,8212273.5
31309,8745094.0
31310,39553720.0
31311,4869956.0
31312,5134151.5
31313,12406180.0
31314,6818815.0
31315,9739384.0
31316,11797900.0
31317,18618150.0
31318,8768450.0
31319,6871081.0
31320,5919787.5
31321,6531582.5
31322,7232299.5
31323,7964272.5
31324,6638985.5
31325,5929553.5
31326,5124565.5
31327,7879367.5
31328,14271344.0
31329,5612690.5
31330,11291834.0
31331,8234974.0
31332,5337969.0
31333,5256165.5
31334,4084346.0
31335,9769422.0
31336,8432526.0
31337,7195768.5
31338,3814593.5
31339,4609701.5
31340,6418730.5
31341,9578426.0
31342,4305813.5
31343,3800783.25
31344,3983041.0
31345,4853654.0
31346,3980114.5
31347,7912064.5
31348,11472184.0
31349,11075550.0
31350,3319097.25
31351,5363237.0
31352,9957352.0
31353,5037379.0
31354,7652281.5
31355,9449730.0
31356,4238183.5
31357,4932050.0
31358,2260751.25
31359,6389531.5
31360,9451732.0
31361,4722480.5
31362,9829054.0
31363,5302951.5
31364,3727338.5
31365,3975640.75
31366,6883088.0
31367,10092276.0
31368,6305835.0
31369,3952699.75
31370,10021896.0
31371,8404246.0
31372,7012209.0
31373,5295036.0
31374,6442883.5
31375,5798411.5
31376,6923775.5
31377,8948686.0
31378,5662486.0
31379,29033190.0
31380,4586823.5
31381,8121882.5
31382,5577760.5
31383,7560278.0
31384,24842832.0
31385,13909850.0
31386,9175080.0
31387,12166582.0
31388,5140962.5
31389,4302885.0
31390,7078375.5
31391,5469196.5
31392,12078810.0
31393,8827446.0
31394,5315437.0
31395,3976274.25
31396,8678428.0
31397,7126833.5
31398,2160609.5
31399,11230672.0
31400,4269690.0
31401,10376188.0
31402,10497184.0
31403,5082988.0
31404,4547050.0
31405,3988764.75
31406,6010728.0
31407,3652378.75
31408,6083695.0
31409,4137793.0
31410,10962808.0
31411,7334693.0
31412,10745138.0
31413,7505762.5
31414,4206011.5
31415,14847146.0
31416,6392792.0
31417,3838527.5
31418,6775993.0
31419,9752020.0
31420,9921336.0
31421,6968415.0
31422,6783137.5
31423,7165980.0
31424,16719284.0
31425,5609404.0
31426,4634851.0
31427,6505407.5
31428,7565385.5
31429,13166260.0
31430,4477792.0
31431,5724921.0
31432,5118279.0
31433,6167597.5
31434,4189425.75
31435,11334180.0
31436,9272770.0
31437,12486592.0
31438,8451620.0
31439,15168534.0
31440,7186495.5
31441,6896338.0
31442,7812636.5
31443,11166092.0
31444,5741090.5
31445,9672158.0
31446,12953990.0
31447,6370091.0
31448,7683545.0
31449,7796311.5
31450,6284088.5
31451,8046758.5
31452,11403818.0
31453,2827593.0
31454,5610234.0
31455,7740934.5
31456,5071374.5
31457,5515651.0
31458,16643436.0
31459,8314333.0
31460,5105868.5
31461,4693277.5
31462,3640079.75
31463,5767733.0
31464,7587566.0
31465,5288208.5
31466,41157872.0
31467,3799162.5
31468,15915088.0
31469,5000119.0
31470,5631596.0
31471,12701668.0
31472,2526652.5
31473,7351724.5
31474,4190956.25
31475,7198740.0
31476,20262660.0
31477,7297145.5
31478,5031708.0
31479,5849427.0
31480,9058454.0
31481,8663768.0
31482,10126634.0
31483,9743044.0
31484,6883927.5
31485,3284741.0
31486,2955623.5
31487,4700200.0
31488,13822820.0
31489,7712695.0
31490,5188495.0
31491,6040445.5
31492,7896151.0
31493,9494206.0
31494,5011933.5
31495,5582269.0
31496,8547458.0
31497,4402725.5
31498,6152919.5
31499,11665224.0
31500,10082650.0
31501,8928222.0
31502,10757932.0
31503,5308031.0
31504,10487750.0
31505,17896810.0
31506,7346852.5
31507,6930997.5
31508,6736530.5
31509,5454339.0
31510,5490827.0
31511,5383667.5
31512,5710496.0
31513,24366926.0
31514,24837582.0
31515,2160794.0
31516,14857764.0
31517,6197683.0
31518,7516471.0
31519,6145175.5
31520,6155458.0
31521,4718576.0
31522,4418049.5
31523,6741940.5
31524,9231362.0
31525,11250834.0
31526,5633992.5
31527,6970923.5
31528,4636051.5
31529,6221899.5
31530,6089093.0
31531,9064710.0
31532,5726471.0
31533,12508900.0
31534,7799918.5
31535,9994266.0
31536,7973197.0
31537,4064389.0
31538,4724795.0
31539,3733998.75
31540,9547678.0
31541,2945240.25
31542,5955064.5
31543,3941988.0
31544,4974670.0
31545,7548257.5
31546,12651458.0
31547,5647013.0
31548,5864737.5
31549,5608583.5
31550,5194861.5
31551,5655445.0
31552,7436883.0
31553,6211595.5
31554,8154801.5
31555,3214214.25
31556,7195580.5
31557,5696738.0
31558,9778976.0
31559,2917269.25
31560,7498494.5
31561,7087380.0
31562,28521152.0
31563,3901194.75
31564,8274100.0
31565,9165590.0
31566,5863487.5
31567,18422130.0
31568,5758395.5
31569,6820481.0
31570,7031847.5
31571,6816744.5
31572,3571638.5
31573,6047428.0
31574,10969602.0
31575,5613600.5
31576,7048106.5
31577,5053284.5
31578,9008340.0
31579,5599605.0
31580,7136561.0
31581,5552427.0
31582,6361203.5
31583,9125576.0
31584,3920350.25
31585,6881694.0
31586,12605250.0
31587,14395504.0
31588,9277690.0
31589,3434934.25
31590,5730965.0
31591,6676687.0
31592,7834089.5
31593,7971400.0
31594,8134971.0
31595,5209806.5
31596,3601179.0
31597,5339347.5
31598,3474856.75
31599,6621159.5
31600,7390366.0
31601,14704076.0
31602,5429409.5
31603,16321726.0
31604,4111590.75
31605,5105868.5
31606,6365288.5
31607,7845767.0
31608,5398472.0
31609,4927120.5
31610,7374978.0
31611,6211980.0
31612,5734443.5
31613,4909953.5
31614,15080648.0
31615,9898838.0
31616,10890500.0
31617,4580201.5
31618,6942485.0
31619,9881336.0
31620,4189138.25
31621,6605933.5
31622,31611398.0
31623,9969084.0
31624,5023622.0
31625,10296182.0
31626,5395140.5
31627,7768088.5
31628,10286682.0
31629,10271336.0
31630,3799917.5
31631,5862879.5
31632,17095452.0
31633,5086657.5
31634,8907264.0
31635,13468878.0
31636,5977429.5
31637,5826685.5
31638,8443920.0
31639,3868006.5
31640,11067014.0
31641,4298602.5
31642,3216987.5
31643,5919021.0
31644,10746648.0
31645,6024566.0
31646,8498496.0
31647,5316064.5
31648,10057844.0
31649,5620511.5
31650,6176594.5
31651,13368702.0
31652,5473811.0
31653,5760589.0
31654,5717625.0
31655,4158114.0
31656,21267506.0
31657,7031324.0
31658,4141522.0
31659,7331276.5
31660,5041068.5
31661,5123080.5
31662,6816816.0
31663,4121339.0
31664,3615627.0
31665,4182061.25
31666,5319153.0
31667,7542152.0
31668,11992766.0
31669,11766808.0
31670,6846612.0
31671,5799715.0
31672,8398128.0
31673,8329503.0
31674,8273012.5
31675,7777329.5
31676,7487816.5
31677,4912736.5
31678,5166895.0
31679,8550338.0
31680,7578260.0
31681,6178832.5
31682,3644051.5
31683,6881694.0
31684,5045864.0
31685,3819534.75
31686,11343394.0
31687,10090778.0
31688,10484176.0
31689,4033889.0
31690,7414999.0
31691,4095199.5
31692,4400590.0
31693,6578995.0
31694,8238830.5
31695,6929738.0
31696,3612318.0
31697,5134025.5
31698,3588264.75
31699,5660250.5
31700,5208770.5
31701,8884412.0
31702,5435442.5
31703,8801758.0
31704,6047784.5
31705,9756182.0
31706,5219048.5
31707,11494192.0
31708,8198160.5
31709,5170686.0
31710,10669340.0
31711,7552192.0
31712,7789951.0
31713,5578867.5
31714,5444646.5
31715,5211742.0
31716,6021548.5
31717,10539196.0
31718,4880236.5
31719,7575914.5
31720,5340914.5
31721,4346373.5
31722,5847000.5
31723,5515998.0
31724,6397047.0
31725,5428873.0
31726,12746196.0
31727,5854712.0
31728,4408383.5
31729,7214730.5
31730,3486149.25
31731,7141895.0
31732,8311019.0
31733,3777604.5
31734,4139125.25
31735,2733504.5
31736,6234578.5
31737,5304188.0
31738,5415835.0
31739,5902856.0
31740,7839431.0
31741,14174070.0
31742,11647018.0
31743,7348869.0
31744,4963685.0
31745,3756924.5
31746,9481324.0
31747,5090033.5
31748,18212486.0
31749,5858877.0
31750,9169942.0
31751,8232255.5
31752,4108586.25
31753,3905785.25
31754,7464965.5
31755,10947842.0
31756,2229361.75
31757,6212110.0
31758,6349412.0
31759,6309607.5
31760,6132630.5
31761,19822242.0
31762,2487041.0
31763,11448182.0
31764,6085031.5
31765,3915541.0
31766,8220725.0
31767,3726044.5
31768,6599076.5
31769,9653230.0
31770,3673401.75
31771,4188407.5
31772,8148172.5
31773,6183718.0
31774,6691280.5
31775,9766470.0
31776,2102828.25
31777,4162154.5
31778,9886026.0
31779,8746458.0
31780,6720734.0
31781,7339806.5
31782,4892880.5
31783,4101558.0
31784,5477226.0
31785,6010962.5
31786,5186435.0
31787,6887671.5
31788,5514176.5
31789,6143243.5
31790,4190426.25
31791,8677772.0
31792,7613897.5
31793,8200318.0
31794,6996306.0
31795,5918947.0
31796,5039112.0
31797,15307122.0
31798,8324111.0
31799,4158994.5
31800,5816176.0
31801,3851174.0
31802,6864956.0
31803,7708696.5
31804,5400419.0
31805,3878319.5
31806,7172825.0
31807,6603339.5
31808,8563376.0
31809,7415284.5
31810,3986305.25
31811,6779107.0
31812,6719500.0
31813,6431326.5
31814,5691307.0
31815,6012785.0
31816,4950145.5
31817,3840847.75
31818,6280620.0
31819,6131921.5
31820,10543828.0
31821,12683960.0
31822,5315277.0
31823,4851966.5
31824,3712373.5
31825,4863027.5
31826,6425142.5
31827,7721577.0
31828,5673342.5
31829,8402178.0
31830,6812744.5
31831,3523879.0
31832,11566302.0
31833,12247008.0
31834,6750136.5
31835,4764032.5
31836,6727724.0
31837,3600314.75
31838,7897304.5
31839,4599826.5
31840,9453950.0
31841,5226869.0
31842,7185614.0
31843,3993379.25
31844,6114077.5
31845,9146800.0
31846,5175822.0
31847,4958870.5
31848,6060412.5
31849,9526286.0
31850,6818815.0
31851,12452904.0
31852,8238830.5
31853,9540162.0
31854,6623917.0
31855,4846221.5
31856,5650374.0
31857,9937614.0
31858,11884752.0
31859,30244120.0
31860,7209236.0
31861,14953096.0
31862,7054848.5
31863,9678048.0
31864,3618258.25
31865,4378586.5
31866,3371627.75
31867,8093286.0
31868,5450929.0
31869,9763554.0
31870,3225874.5
31871,4820857.0
31872,11189224.0
31873,6335306.0
31874,5145958.0
31875,5718038.0
31876,5280687.0
31877,22931352.0
31878,3557693.0
31879,8769948.0
31880,10252636.0
31881,4987376.0
31882,14772924.0
31883,5140345.0
31884,5238661.5
31885,5349583.0
31886,8787310.0
31887,9413552.0
31888,3974340.75
31889,13516230.0
31890,4902461.5
31891,3847938.0
31892,3964661.5
31893,14922348.0
31894,8178209.0
31895,3429551.0
31896,3683277.25
31897,3795683.5
31898,3920350.25
31899,4029827.75
31900,5889431.5
31901,7101498.5
31902,6846925.0
31903,7333475.5
31904,4190777.0
31905,6942350.5
31906,4108052.75
31907,4018388.5
31908,3741938.5
31909,7816004.0
31910,4259902.0
31911,4179368.5
31912,6373644.5
31913,6281523.0
31914,6526003.0
31915,7503662.5
31916,4171448.25
31917,5554633.5
31918,4692590.0
31919,6685690.5
31920,4013288.25
31921,4532409.5
31922,7328791.5
31923,9041424.0
31924,9403592.0
31925,6885278.0
31926,8304923.5
31927,10965508.0
31928,6834940.5
31929,14181466.0
31930,7693435.5
31931,6442875.0
31932,8239159.0
31933,7543051.0
31934,6216494.5
31935,5115784.0
31936,4020741.75
31937,6353953.5
31938,5414024.0
31939,5980129.0
31940,7551744.0
31941,26002044.0
31942,5419582.5
31943,8398886.0
31944,4241950.0
31945,5562014.0
31946,11673468.0
31947,8002882.5
31948,6592172.0
31949,9482402.0
31950,12097356.0
31951,5425016.0
31952,5472910.0
31953,3749862.75
31954,11748004.0
31955,4684803.5
31956,9074614.0
31957,4252709.0
31958,3966781.25
31959,12752794.0
31960,6605959.5
31961,7964571.0
31962,4938150.5
31963,6863032.5
31964,4730409.0
31965,6937803.0
31966,13338120.0
31967,11403752.0
31968,6978892.5
31969,23973930.0
31970,5702092.5
31971,3942820.25
31972,5323067.5
31973,5007365.5
31974,7263058.5
31975,4040634.75
31976,4197780.0
31977,9172606.0
31978,5175371.5
31979,4700009.0
31980,4860338.0
31981,6432673.0
31982,9659918.0
31983,11394602.0
31984,7738504.0
31985,4834490.0
31986,4083989.5
31987,6374576.0
31988,7488570.0
31989,12541632.0
31990,3460785.5
31991,9658170.0
31992,4738152.5
31993,8844502.0
31994,6966450.0
31995,7184118.0
31996,10831340.0
31997,5501971.0
31998,4010204.25
31999,5506811.5
32000,6070441.0
32001,41542380.0
32002,20071432.0
32003,9785462.0
32004,6784960.0
32005,4857216.5
32006,15073216.0
32007,9707658.0
32008,6819294.0
32009,4016581.5
32010,7505583.5
32011,5115956.5
32012,1891971.125
32013,5714308.0
32014,5473864.5
32015,8060083.5
32016,6695407.5
32017,10133542.0
32018,6926342.5
32019,6183552.0
32020,5601805.5
32021,8054899.5
32022,5624436.0
32023,3998965.0
32024,6131921.5
32025,5683519.5
32026,4491091.0
32027,7821523.0
32028,5238075.0
32029,17548374.0
32030,3997629.75
32031,3795795.25
32032,8888446.0
32033,7303627.5
32034,3851954.5
32035,7043492.5
32036,7126833.5
32037,8516964.0
32038,5791258.5
32039,6883868.5
32040,12960734.0
32041,3368634.5
32042,6623917.0
32043,33029412.0
32044,5436118.5
32045,3666016.75
32046,8247251.5
32047,10717244.0
32048,12135724.0
32049,6553266.0
32050,11619166.0
32051,8024324.0
32052,6055109.0
32053,8332754.5
32054,6987499.0
32055,4224264.0
32056,8698514.0
32057,4141456.0
32058,4899519.5
32059,5345833.0
32060,6248332.5
32061,8268947.5
32062,5918587.5
32063,6126311.5
32064,9987534.0
32065,6170630.5
32066,6481531.0
32067,3864348.5
32068,4987805.0
32069,3537966.5
32070,12691382.0
32071,5035177.5
32072,4313730.5
32073,3831710.25
32074,5803330.5
32075,12285544.0
32076,21147912.0
32077,8450370.0
32078,4314324.0
32079,4308310.0
32080,5249035.0
32081,29421490.0
32082,5560880.0
32083,3713396.0
32084,5835453.0
32085,8920020.0
32086,11847376.0
32087,5412186.5
32088,19675100.0
32089,7188416.0
32090,13246314.0
32091,6694196.5
32092,5720623.5
32093,6208132.0
32094,8154531.0
32095,6942075.0
32096,3641665.75
32097,12755528.0
32098,6700687.0
32099,8172970.5
32100,8294237.0
32101,5363709.0
32102,4688976.5
32103,3828613.25
32104,5806138.5
32105,5954016.5
32106,6935929.5
32107,5294889.5
32108,4003995.5
32109,7100334.5
32110,4047309.25
32111,14197488.0
32112,20745714.0
32113,9424578.0
32114,7623583.0
32115,8846866.0
32116,6421600.0
32117,8362701.5
32118,7241807.5
32119,9118296.0
32120,11643364.0
32121,3432183.0
32122,8991108.0
32123,23853578.0
32124,8586382.0
32125,11775540.0
32126,6955731.5
32127,8234417.5
32128,6923419.0
32129,5735066.5
32130,3769842.75
32131,11552206.0
32132,1911193.875
32133,4053715.25
32134,3929960.5
32135,7362529.0
32136,11270812.0
32137,10979470.0
32138,6808202.0
32139,7467092.0
32140,5946491.5
32141,3226430.0
32142,3991083.5
32143,7574262.0
32144,4469325.0
32145,28869864.0
32146,7047656.5
32147,4972745.5
32148,4969600.0
32149,10493490.0
32150,5249614.0
32151,9341600.0
32152,4631990.5
32153,6759872.0
32154,4284753.0
32155,6763715.0
32156,5413498.0
32157,14133354.0
32158,10568994.0
32159,16532158.0
32160,6083340.5
32161,9478046.0
32162,7669253.0
32163,9065092.0
32164,16168942.0
32165,9872848.0
32166,9561216.0
32167,10996124.0
32168,6617000.0
32169,3887509.0
32170,14072328.0
32171,15468098.0
32172,8613052.0
32173,6476533.0
32174,8722634.0
32175,17055808.0
32176,5815848.5
32177,10324104.0
32178,6136372.5
32179,9406900.0
32180,7209785.0
32181,6004179.0
32182,4388246.5
32183,5751325.5
32184,13578856.0
32185,6564836.0
32186,6922026.0
32187,4063601.5
32188,9279752.0
32189,3929960.5
32190,5084355.5
32191,4436864.5
32192,14257624.0
32193,7368574.0
32194,3686400.25
32195,15196062.0
32196,17606046.0
32197,11924396.0
32198,6771739.0
32199,7380455.0
32200,8754128.0
32201,8353789.5
32202,4146722.25
32203,3804026.0
32204,6732942.0
32205,21157944.0
32206,8101380.0
32207,9810214.0
32208,6413556.0
32209,4755349.0
32210,6366732.0
32211,39643448.0
32212,5972757.0
32213,6413874.5
32214,8266146.5
32215,6829190.0
32216,6738772.5
32217,6002975.0
32218,5674257.0
32219,10380306.0
32220,5893678.5
32221,7579084.0
32222,4684803.5
32223,4530206.5
32224,5663741.5
32225,6721571.5
32226,6935837.5
32227,17651964.0
32228,10874268.0
32229,17043652.0
32230,4994469.5
32231,15763568.0
32232,4188407.5
32233,6117946.0
32234,13083600.0
32235,20410750.0
32236,8188399.0
32237,43488372.0
32238,7324158.0
32239,14443304.0
32240,7216224.5
32241,5119557.0
32242,5506729.0
32243,7370119.5
32244,4813175.5
32245,8279105.5
32246,7667236.0
32247,7089572.5
32248,8908266.0
32249,7433318.0
32250,6394812.5
32251,4469087.0
32252,6074937.5
32253,9156742.0
32254,30681674.0
32255,6201670.0
32256,6505116.0
32257,3972282.0
32258,6907946.5
32259,5838899.0
32260,8975538.0
32261,25878754.0
32262,8369893.5
32263,5707061.0
32264,5181228.5
32265,10008516.0
32266,14009384.0
32267,6703385.5
32268,4376023.0
32269,6532544.5
32270,10676894.0
32271,6601900.0
32272,3738712.75
32273,8957104.0
32274,4974670.0
32275,6712782.5
32276,9321864.0
32277,16183022.0
32278,7882566.0
32279,4035969.0
32280,5847974.0
32281,5841287.5
32282,9049482.0
32283,7000944.0
32284,4057197.0
32285,11104304.0
32286,9908818.0
32287,5473437.0
32288,5230294.0
32289,4354782.0
32290,8358450.0
32291,4536195.5
32292,7495912.0
32293,3063773.75
32294,11022896.0
32295,6338952.5
32296,8362516.5
32297,9814782.0
32298,9359706.0
32299,1913600.5
32300,7382974.0
32301,12659272.0
32302,8265565.0
32303,7024401.0
32304,5105868.5
32305,5847958.5
32306,8619134.0
32307,13494740.0
32308,4925279.5
32309,6707910.5
32310,5449720.5
32311,9481518.0
32312,4179449.75
32313,5746021.0
32314,6721161.5
32315,12138654.0
32316,5868057.0
32317,11352700.0
32318,9780222.0
32319,4827553.5
32320,10326202.0
32321,7359398.0
32322,4268250.0
32323,7622307.0
32324,6018152.0
32325,4957454.0
32326,5276937.5
32327,5977105.0
32328,8707418.0
32329,5256371.0
32330,6291408.0
32331,6470519.0
32332,6491696.0
32333,8046449.0
32334,5079859.0
32335,8397766.0
32336,8465112.0
32337,5805258.0
32338,5015554.5
32339,8631340.0
32340,6971000.0
32341,5890215.5
32342,5769213.0
32343,5903865.5
32344,4595718.0
32345,5444889.0
32346,5838349.5
32347,4353058.0
32348,6909021.5
32349,6626055.5
32350,13260960.0
32351,6900445.5
32352,10579422.0
32353,5626375.0
32354,6977535.0
32355,5964021.0
32356,6531724.5
32357,7866890.5
32358,7357419.0
32359,19876160.0
32360,5418942.5
32361,8593494.0
32362,8569086.0
32363,7364142.5
32364,5056354.5
32365,7458626.5
32366,7017819.0
32367,4544812.5
32368,5766041.0
32369,7970021.0
32370,3578588.0
32371,7730180.0
32372,10293038.0
32373,9490318.0
32374,18234312.0
32375,5749601.5
32376,7156946.5
32377,7509543.0
32378,6358519.0
32379,5481767.0
32380,9013590.0
32381,4056712.0
32382,11730464.0
32383,13343832.0
32384,4930938.0
32385,8142581.0
32386,9305202.0
32387,3992939.5
32388,5588850.5
32389,10222666.0
32390,4868255.5
32391,6977063.0
32392,7098603.5
32393,7800402.0
32394,5031192.0
32395,5081987.5
32396,4439854.0
32397,7000944.0
32398,5940094.5
32399,8984110.0
32400,5415260.5
32401,7455612.0
32402,4182234.25
32403,11195868.0
32404,5555304.0
32405,16172816.0
32406,7891914.0
32407,6798877.0
32408,4536396.5
32409,17818086.0
32410,5695608.5
32411,8049404.5
32412,9813178.0
32413,11539366.0
32414,13463608.0
32415,5310155.5
32416,11434916.0
32417,8560804.0
32418,6484882.5
32419,6355982.5
32420,7226357.0
32421,1964445.25
32422,3894874.25
32423,5352188.0
32424,6740693.5
32425,4096708.25
32426,9688480.0
32427,11039950.0
32428,6482942.5
32429,9657958.0
32430,3800412.5
32431,9271018.0
32432,11563116.0
32433,3619754.0
32434,11361942.0
32435,6766685.5
32436,10274966.0
32437,9065430.0
32438,6849252.5
32439,5152572.5
32440,7246507.0
32441,3089603.5
32442,9814374.0
32443,5979065.5
32444,5762608.5
32445,8912768.0
32446,9593736.0
32447,8315058.5
32448,6599356.5
32449,12059304.0
32450,6522673.5
32451,9491098.0
32452,6346395.0
32453,7152590.0
32454,4484831.0
32455,7693470.5
32456,5937764.5
32457,5468770.0
32458,8370166.5
32459,9874496.0
32460,6582542.5
32461,13789572.0
32462,6852294.0
32463,4543113.5
32464,5642384.5
32465,4266957.0
32466,8453324.0
32467,5574586.0
32468,8582308.0
32469,8152990.0
32470,10701024.0
32471,18264450.0
32472,6286017.0
32473,6231502.5
32474,3863498.25
32475,14055690.0
32476,7130677.5
32477,3895466.75
32478,6927207.0
32479,3973774.75
32480,10884302.0
32481,5288974.0
32482,5103459.5
32483,9611560.0
32484,12802628.0
32485,14860040.0
32486,7162519.5
32487,6149424.0
32488,13894012.0
32489,13300790.0
32490,5596405.5
32491,5943495.0
32492,10343246.0
32493,7901867.0
32494,6025356.5
32495,6188089.0
32496,5420811.0
32497,7635510.0
32498,12960398.0
32499,13598776.0
32500,4637612.5
32501,9035098.0
32502,7781619.0
32503,5498676.0
32504,4144007.75
32505,10232118.0
32506,6356576.0
32507,3290038.5
32508,6914095.5
32509,4159016.5
32510,14509008.0
32511,4666088.5
32512,5609369.5
32513,5314057.0
32514,6740905.0
32515,8227940.0
32516,7155225.0
32517,10252846.0
32518,4297740.5
32519,4068626.0
32520,2253086.5
32521,6584836.5
32522,6562343.0
32523,7105774.0
32524,7491464.5
32525,5757737.5
32526,7637960.5
32527,7562603.0
32528,4811107.0
32529,6022121.0
32530,4625340.5
32531,6139814.0
32532,13534386.0
32533,5733794.0
32534,5042780.0
32535,5658537.0
32536,11733794.0
32537,7323991.5
32538,9322704.0
32539,5314462.0
32540,7168520.0
32541,13003428.0
32542,6071336.5
32543,6288814.5
32544,5105512.0
32545,4967478.0
32546,11352140.0
32547,5960671.5
32548,4237365.0
32549,3707431.25
32550,6730024.0
32551,5239819.0
32552,6889663.0
32553,6586900.5
32554,8549318.0
32555,9827006.0
32556,8404910.0
32557,3929960.5
32558,7002888.5
32559,7233498.5
32560,6154100.5
32561,5830475.5
32562,9290926.0
32563,6359659.5
32564,5258222.5
32565,8386140.5
32566,4059155.5
32567,5062594.0
32568,9948208.0
32569,7404026.5
32570,6233212.5
32571,6238873.0
32572,6410748.0
32573,7824054.5
32574,6536011.0
32575,5136590.5
32576,7118033.5
32577,4921470.5
32578,6349847.0
32579,8013137.5
32580,6193241.5
32581,4907346.5
32582,7021323.5
32583,7610840.5
32584,4568189.5
32585,4453605.0
32586,5982445.5
32587,6024464.0
32588,6750494.5
32589,2824169.5
32590,9804438.0
32591,8406382.0
32592,3921921.0
32593,3770809.0
32594,4189138.25
32595,7423682.5
32596,10192958.0
32597,6612736.5
32598,9917782.0
32599,6116976.5
32600,7186501.0
32601,5587508.5
32602,7207024.5
32603,5440867.0
32604,3914254.75
32605,5124024.0
32606,6024989.5
32607,7499308.5
32608,7183310.0
32609,7308957.5
32610,6648355.0
32611,6350090.0
32612,3859562.5
32613,5222824.5
32614,9371996.0
32615,4066684.5
32616,6568916.5
32617,7961907.5
32618,6459028.0
32619,4015793.75
32620,6903056.0
32621,6269747.0
32622,15750114.0
32623,8995164.0
32624,12487856.0
32625,9065058.0
32626,6139669.0
32627,7664069.5
32628,8303781.5
32629,12473382.0
32630,5457443.0
32631,5530301.0
32632,6421198.5
32633,7280874.5
32634,6028381.0
32635,8552666.0
32636,4460613.5
32637,8088904.5
32638,6711474.5
32639,6953538.0
32640,5626399.5
32641,6471670.5
32642,6265259.0
32643,12085948.0
32644,8131953.5
32645,6132254.0
32646,7051124.5
32647,14067348.0
32648,6220021.5
32649,6316797.0
32650,7802473.5
32651,2102828.25
32652,9587500.0
32653,10877668.0
32654,5412657.5
32655,12287918.0
32656,4557778.5
32657,4829708.5
32658,9175722.0
32659,3343670.5
32660,7759749.0
32661,6926890.0
32662,11732808.0
32663,8445326.0
32664,9980424.0
32665,12158420.0
32666,7149514.0
32667,6492249.5
32668,6622731.5
32669,8312974.5
32670,7143621.0
32671,6350183.5
32672,4047188.0
32673,8105159.0
32674,5998549.0
32675,4894513.0
32676,6261678.5
32677,4467495.5
32678,9183096.0
32679,4559672.5
32680,18654384.0
32681,8715156.0
32682,5822757.0
32683,12680330.0
32684,6674442.5
32685,5844114.5
32686,6440551.5
32687,5451242.5
32688,6362463.0
32689,5828459.0
32690,8065452.5
32691,8541166.0
32692,12426394.0
32693,8441382.0
32694,6718804.0
32695,8896124.0
32696,3504492.25
32697,6924029.5
32698,6130794.0
32699,5675285.0
32700,8680822.0
32701,11123234.0
32702,12963120.0
32703,9054340.0
32704,11097566.0
32705,9345874.0
32706,5063313.0
32707,8253473.0
32708,5752072.0
32709,4731163.5
32710,10819480.0
32711,6562508.0
32712,7479065.0
32713,5545717.5
32714,8443920.0
32715,3839282.0
32716,4184406.25
32717,8023804.5
32718,8678222.0
32719,6064233.0
32720,5092163.0
32721,13844252.0
32722,6420091.5
32723,4644387.0
32724,7689311.0
32725,16355864.0
32726,4700695.5
32727,4621774.5
32728,9117038.0
32729,5455166.0
32730,9053774.0
32731,5696037.5
32732,5547932.0
32733,6105196.0
32734,4383126.5
32735,6023064.5
32736,4045133.0
32737,3633321.0
32738,7003291.0
32739,35760976.0
32740,5369417.0
32741,6750234.0
32742,12556970.0
32743,7145622.0
32744,10862732.0
32745,5938440.0
32746,10550720.0
32747,6847299.0
32748,4230607.5
32749,3906079.5
32750,8993168.0
32751,6707371.5
32752,23088518.0
32753,5968767.5
32754,7895952.5
32755,7087464.5
32756,7266807.5
32757,11977320.0
32758,6839568.0
32759,5517709.0
32760,5727192.5
32761,5278261.0
32762,6955092.5
32763,6283984.5
32764,6123274.0
32765,5130170.0
32766,6940255.5
32767,6155659.0
32768,5868021.5
32769,5933209.5
32770,6453356.5
32771,12210136.0
32772,15137918.0
32773,5540810.0
32774,5116827.5
32775,6260076.0
32776,5369902.0
32777,4242481.0
32778,5539992.5
32779,4044776.5
32780,6301876.5
32781,7056451.5
32782,6268647.0
32783,9940500.0
32784,9447248.0
32785,6796608.5
32786,4964234.5
32787,11225514.0
32788,4826136.5
32789,3685304.0
32790,4119898.75
32791,5956112.5
32792,5004551.5
32793,14973998.0
32794,1774840.875
32795,4935402.0
32796,5835149.5
32797,6362892.5
32798,6786922.5
32799,12085326.0
32800,4108586.25
32801,6145929.0
32802,7776912.5
32803,4788456.5
32804,9806642.0
32805,11357920.0
32806,5386099.0
32807,5105361.0
32808,5263602.0
32809,8365403.0
32810,5588754.5
32811,8639978.0
32812,4934778.0
32813,6893685.0
32814,3707670.0
32815,4244536.5
32816,3984373.5
32817,6297832.5
32818,8670434.0
32819,3062034.0
32820,4816125.5
32821,8978150.0
32822,6695083.0
32823,8378995.0
32824,6402014.0
32825,5955828.0
32826,10024780.0
32827,8604826.0
32828,5879707.0
32829,5858354.5
32830,5230258.0
32831,6225185.5
32832,3636473.5
32833,12287414.0
32834,10109628.0
32835,6319153.0
32836,5600889.5
32837,5882579.5
32838,4471815.5
32839,18425724.0
32840,6830918.0
32841,5633382.5
32842,7565130.5
32843,3938157.75
32844,5719279.0
32845,8216097.5
32846,10667784.0
32847,3938945.25
32848,10337040.0
32849,3717953.5
32850,7949337.0
32851,10854412.0
32852,4123949.75
32853,4937709.5
32854,8354700.0
32855,9891142.0
32856,4572521.0
32857,7819981.5
32858,3751600.0
32859,5679686.5
32860,6936930.0
32861,5621597.0
32862,6993679.0
32863,6508016.0
32864,7278027.0
32865,7715401.0
32866,3736119.5
32867,4026723.0
32868,9666372.0
32869,6119931.5
32870,5372603.5
32871,5079230.0
32872,8304047.5
32873,4768275.0
32874,4319512.0
32875,7566614.5
32876,8309825.5
32877,8773944.0
32878,11050250.0
32879,4132613.25
32880,7511755.5
32881,7666057.5
32882,6977063.0
32883,4258624.5
32884,6334366.5
32885,4350063.0
32886,5094568.5
32887,5251864.0
32888,8066063.5
32889,4005083.0
32890,5272988.0
32891,6642658.0
32892,5039431.5
32893,8594612.0
32894,5272170.5
32895,7800293.0
32896,5787992.0
32897,4062700.5
32898,11570750.0
32899,7352705.0
32900,6310126.5
32901,7085091.0
32902,8274878.0
32903,6861673.0
32904,10931988.0
32905,6771898.5
32906,6340856.5
32907,4785787.0
32908,8110822.0
32909,3116538.75
32910,7940156.0
32911,9961876.0
32912,7082810.5
32913,6530479.0
32914,4464380.5
32915,9296940.0
32916,11918660.0
32917,6224043.5
32918,9140538.0
32919,13354486.0
32920,5162160.5
32921,5062610.5
32922,4730759.5
32923,6065879.0
32924,2825928.5
32925,4375911.0
32926,3998385.25
32927,9396622.0
32928,9268832.0
32929,10905620.0
32930,5474675.5
32931,6358486.5
32932,5486119.0
32933,5184628.5
32934,4510551.5
32935,13027302.0
32936,4080800.5
32937,4697020.5
32938,7487750.5
32939,5256806.0
32940,7179829.0
32941,7994921.5
32942,6973666.0
32943,4689658.0
32944,5359422.0
32945,5250135.5
32946,7936989.5
32947,8266146.5
32948,13835128.0
32949,5899673.0
32950,4692726.0
32951,7821290.0
32952,7707654.5
32953,6664204.0
32954,7309836.0
32955,9689918.0
32956,5921025.0
32957,5260318.0
32958,10097958.0
32959,12597408.0
32960,6056208.0
32961,10068512.0
32962,5264537.5
32963,9707658.0
32964,5158559.5
32965,9169826.0
32966,8577034.0
32967,6809985.5
32968,6290607.0
32969,6440668.5
32970,6130971.5
32971,5614486.5
32972,5834120.0
32973,5295869.5
32974,8514798.0
32975,7563890.0
32976,6203622.5
32977,5306433.5
32978,6972882.0
32979,5804220.5
32980,4185398.0
32981,5799586.0
32982,6050908.0
32983,7179858.5
32984,5012036.0
32985,4541515.5
32986,6776239.0
32987,8787658.0
32988,6261598.5
32989,4046227.75
32990,8461616.0
32991,3705817.5
32992,6454238.5
32993,4981718.0
32994,3704474.0
32995,8593736.0
32996,5440749.5
32997,8514116.0
32998,19193990.0
32999,4034651.25
33000,5784129.5
33001,5534737.5
33002,6259196.5
33003,4647434.0
33004,6329603.5
33005,7008360.5
33006,11418860.0
33007,5388859.5
33008,4064835.25
33009,7793073.5
33010,5702746.5
33011,4746645.5
33012,5309424.5
33013,3608042.5
33014,5793229.0
33015,6560629.5
33016,4952798.0
33017,5234921.0
33018,6421309.5
33019,6348956.0
33020,5392250.0
33021,6550483.0
33022,6927441.5
33023,8205884.0
33024,16262450.0
33025,4956640.0
33026,5737084.0
33027,3897247.5
33028,5844187.0
33029,6487052.5
33030,8105499.0
33031,4982311.5
33032,8010131.0
33033,7403491.5
33034,3826320.75
33035,6508469.5
33036,5678460.0
33037,8634634.0
33038,6767158.5
33039,8287411.5
33040,11873544.0
33041,4125667.25
33042,10462014.0
33043,7399347.5
33044,6478755.0
33045,15391410.0
33046,6978756.5
33047,9561216.0
33048,9730022.0
33049,20476326.0
33050,9236382.0
33051,5941863.5
33052,10905164.0
33053,7733537.5
33054,3867914.75
33055,10997166.0
33056,5574446.0
33057,8320096.5
33058,6085260.0
33059,9351506.0
33060,4682281.5
33061,4606559.0
33062,7372233.5
33063,6849877.5
33064,5999617.0
33065,5523174.0
33066,9717990.0
33067,5434416.5
33068,7944973.0
33069,13127930.0
33070,10990878.0
33071,11606522.0
33072,5687925.5
33073,4091147.25
33074,13668364.0
33075,6482083.5
33076,7464743.0
33077,7866506.0
33078,5306251.0
33079,10295136.0
33080,7108768.5
33081,15918392.0
33082,9221216.0
33083,7353958.5
33084,6187369.5
33085,12107336.0
33086,10984652.0
33087,4834281.5
33088,4068986.0
33089,10211500.0
33090,7327113.5
33091,5257121.5
33092,6051685.0
33093,15610876.0
33094,5082988.0
33095,3956024.75
33096,8821694.0
33097,5470007.0
33098,5687245.5
33099,5714718.5
33100,5724893.5
33101,5944147.5
33102,5891540.5
33103,3752306.0
33104,4714360.0
33105,9577058.0
33106,4798588.0
33107,4026850.25
33108,12776126.0
33109,6694749.5
33110,5982371.5
33111,6018939.0
33112,5249614.0
33113,7111520.5
33114,4912285.5
33115,9491228.0
33116,5986726.0
33117,4790755.0
33118,11673212.0
33119,11806810.0
33120,3010489.5
33121,5698450.5
33122,5527301.5
33123,36514588.0
33124,4451848.5
33125,6066701.0
33126,5887373.5
33127,7030585.0
33128,6810378.5
33129,13780538.0
33130,8025074.5
33131,8874336.0
33132,4330024.0
33133,35859564.0
33134,7939823.5
33135,8169585.0
33136,6934555.0
33137,4411054.0
33138,13303178.0
33139,7248269.5
33140,6524888.0
33141,8099260.5
33142,8936310.0
33143,3332101.0
33144,4522239.5
33145,6042029.5
33146,6356600.5
33147,3414898.25
33148,6398905.5
33149,16302002.0
33150,5021263.0
33151,6217125.0
33152,16517390.0
33153,10580160.0
33154,7828918.5
33155,12608250.0
33156,9212590.0
33157,6497843.5
33158,14652356.0
33159,4428296.0
33160,4057857.0
33161,6046912.0
33162,8410146.0
33163,5921987.5
33164,6234502.0
33165,7843904.0
33166,5627635.5
33167,5452373.5
33168,8285487.0
33169,4292187.5
33170,6008998.5
33171,8055129.5
33172,10777178.0
33173,4407113.5
33174,6657072.5
33175,3854663.5
33176,5390088.0
33177,6309461.5
33178,7487032.5
33179,12143072.0
33180,5385519.0
33181,5940246.0
33182,5558296.5
33183,5132875.5
33184,4625003.0
33185,8273728.0
33186,4524472.0
33187,6005994.5
33188,9054134.0
33189,6039855.0
33190,5627303.0
33191,12834578.0
33192,9139186.0
33193,7000944.0
33194,5273495.0
33195,7290002.0
33196,5415576.5
33197,5649364.5
33198,5318897.0
33199,7133458.0
33200,3727967.25
33201,6053336.0
33202,9415364.0
33203,7822901.0
33204,6550417.0
33205,6896900.5
33206,6200278.0
33207,11569372.0
33208,10578424.0
33209,5868464.0
33210,2909422.75
33211,5909335.0
33212,5307147.5
33213,4462323.0
33214,7537172.5
33215,4955892.0
33216,4205962.5
33217,4635014.0
33218,4976034.0
33219,3873651.0
33220,6965259.5
33221,6476045.5
33222,5312866.0
33223,1911193.875
33224,11837572.0
33225,7935906.0
33226,5574385.5
33227,3997978.25
33228,4296844.0
33229,6822635.5
33230,6717141.0
33231,7719160.0
33232,7772102.5
33233,9444650.0
33234,12301114.0
33235,6896070.5
33236,7952749.5
33237,14201578.0
33238,9591364.0
33239,6292089.5
33240,7017116.5
33241,5944549.0
33242,4740690.5
33243,4354402.5
33244,11792152.0
33245,7703265.5
33246,6923975.5
33247,3946465.5
33248,11000230.0
33249,17763918.0
33250,12683578.0
33251,8069784.0
33252,10541732.0
33253,6818815.0
33254,4754451.5
33255,7621382.0
33256,8591128.0
33257,5798908.5
33258,29624712.0
33259,5802564.0
33260,5464729.5
33261,7184932.0
33262,7083646.0
33263,6178344.5
33264,9277864.0
33265,8818992.0
33266,6563862.0
33267,6534606.5
33268,6227279.0
33269,11811018.0
33270,3275881.25
33271,6406140.0
33272,5487109.5
33273,7720204.0
33274,7003245.0
33275,6506337.5
33276,12581986.0
33277,6634758.5
33278,4577459.5
33279,6679819.0
33280,5927206.0
33281,5554882.5
33282,7257598.5
33283,6196869.5
33284,6628412.5
33285,12357486.0
33286,5288801.5
33287,3877944.0
33288,10918374.0
33289,5154665.0
33290,6484649.0
33291,5528727.5
33292,7850386.5
33293,6469044.0
33294,5872727.0
33295,4604986.5
33296,4359473.0
33297,6638613.5
33298,8244818.0
33299,15217084.0
33300,3700478.5
33301,8007191.0
33302,4574281.5
33303,10238986.0
33304,11852504.0
33305,6439430.5
33306,6651269.5
33307,9244716.0
33308,6955224.0
33309,6857670.0
33310,18855578.0
33311,6757680.0
33312,4833351.5
33313,6040135.5
33314,8983704.0
33315,5103489.0
33316,7445420.5
33317,8234788.5
33318,7248028.0
33319,7048635.0
33320,9678176.0
33321,5849783.5
33322,5086983.5
33323,8445822.0
33324,11194500.0
33325,8844502.0
33326,7047656.5
33327,6010908.0
33328,7112062.5
33329,11198442.0
33330,3423158.5
33331,22786240.0
33332,4711666.5
33333,12098064.0
33334,5800875.0
33335,12094478.0
33336,9591306.0
33337,3765644.0
33338,9953552.0
33339,5233369.5
33340,7527660.0
33341,7698931.0
33342,21669768.0
33343,7037483.5
33344,5046723.0
33345,6049676.5
33346,15619978.0
33347,17543294.0
33348,5864348.5
33349,5730544.0
33350,5360337.0
33351,10863916.0
33352,5444553.0
33353,6391369.0
33354,5864041.5
33355,4711232.0
33356,6927207.0
33357,8112301.0
33358,2809528.0
33359,10878574.0
33360,4293092.5
33361,9763554.0
33362,3042742.25
33363,6551988.0
33364,5668685.0
33365,9120476.0
33366,13918382.0
33367,6563668.5
33368,9852692.0
33369,7669820.0
33370,6187169.0
33371,6486285.0
33372,5415594.5
33373,6272702.5
33374,6324844.0
33375,6396572.5
33376,4965908.0
33377,7765203.5
33378,21871294.0
33379,6012983.5
33380,7614187.0
33381,8552228.0
33382,3981955.0
33383,5576273.5
33384,8369893.5
33385,2162911.25
33386,12042522.0
33387,7506427.0
33388,8575416.0
33389,4197331.0
33390,6578844.5
33391,5601805.5
33392,12295470.0
33393,5628254.0
33394,5743431.0
33395,10107790.0
33396,8031185.0
33397,6258048.0
33398,5350471.5
33399,11055344.0
33400,19791564.0
33401,11534864.0
33402,3417871.75
33403,6991601.5
33404,12127748.0
33405,9715020.0
33406,5446973.0
33407,6887671.5
33408,9139810.0
33409,8111304.5
33410,6778437.0
33411,5981089.5
33412,10236846.0
33413,5321424.0
33414,7842931.0
33415,22014048.0
33416,10694414.0
33417,6372997.5
33418,7979052.5
33419,7533199.5
33420,10073880.0
33421,7781817.5
33422,8029370.0
33423,2952048.0
33424,7136407.0
33425,6510874.0
33426,6875698.0
33427,17150540.0
33428,4112947.5
33429,4212663.0
33430,4528704.5
33431,4296382.5
33432,5743792.5
33433,5744843.0
33434,4314840.5
33435,7831799.0
33436,5759151.0
33437,5407255.5
33438,5105868.5
33439,3551027.5
33440,5948920.5
33441,5064661.5
33442,8874336.0
33443,6795125.0
33444,14355626.0
33445,4220211.5
33446,7716046.0
33447,4265466.5
33448,7807025.0
33449,12098294.0
33450,6253233.0
33451,14380366.0
33452,9163720.0
33453,4688892.5
33454,5509093.0
33455,6688611.5
33456,5600099.5
33457,5009392.0
33458,4393261.5
33459,18117432.0
33460,11081668.0
33461,11913812.0
33462,7965641.5
33463,4944115.5
33464,14104940.0
33465,5092275.0
33466,4996143.5
33467,6102516.5
33468,3824966.75
33469,10643520.0
33470,6645390.0
33471,2110019.75
33472,11633344.0
33473,8206722.5
33474,4570999.0
33475,3909553.5
33476,6297704.0
33477,8204487.0
33478,6735393.5
33479,10780986.0
33480,8895358.0
33481,7216941.0
33482,4994323.5
33483,8966138.0
33484,7180523.0
33485,17938014.0
33486,14147498.0
33487,5776974.5
33488,12924028.0
33489,11462398.0
33490,11343306.0
33491,7578923.5
33492,6379461.0
33493,7395074.0
33494,6284154.5
33495,10049668.0
33496,6478864.0
33497,9419352.0
33498,8573038.0
33499,7351755.5
33500,6079548.0
33501,8922048.0
33502,5452472.0
33503,9676492.0
33504,9523340.0
33505,6749927.5
33506,10646204.0
33507,7259688.5
33508,5000936.0
33509,5758297.0
33510,11586252.0
33511,7060071.0
33512,5843423.5
33513,16275458.0
33514,4139125.25
33515,4189138.25
33516,5264239.0
33517,10874974.0
33518,7737822.5
33519,6992530.5
33520,5757350.5
33521,7370744.5
33522,3934424.5
33523,6572340.0
33524,6268047.5
33525,7762154.0
33526,9405050.0
33527,6975113.0
33528,6591265.0
33529,4764675.5
33530,5852867.0
33531,5581342.5
33532,4941684.5
33533,6498916.5
33534,4538258.0
33535,8445164.0
33536,7701658.5
33537,3454072.75
33538,8014618.5
33539,9113444.0
33540,9750462.0
33541,13093698.0
33542,20462510.0
33543,10673634.0
33544,5828319.0
33545,8728318.0
33546,5776974.5
33547,7644440.5
33548,7664776.0
33549,8478064.0
33550,13769792.0
33551,7623455.0
33552,7024445.0
33553,4998914.5
33554,8738160.0
33555,13929446.0
33556,4539308.5
33557,9022214.0
33558,30438802.0
33559,8920516.0
33560,5252832.5
33561,2133291.75
33562,7076511.5
33563,7343586.0
33564,5548684.0
33565,5937382.5
33566,8280122.0
33567,8958514.0
33568,1823233.625
33569,5191620.0
33570,9685414.0
33571,2974427.75
33572,7040339.0
33573,3698192.25
33574,7670607.5
33575,5855052.0
33576,5261927.0
33577,8597440.0
33578,11802128.0
33579,8707576.0
33580,8429990.0
33581,6779481.0
33582,8087589.0
33583,5013614.0
33584,4074271.75
33585,4396679.5
33586,5148858.0
33587,5632390.0
33588,10078570.0
33589,10659662.0
33590,4589977.5
33591,9233438.0
33592,7396765.5
33593,4949759.5
33594,11779862.0
33595,3940683.75
33596,7074514.5
33597,6088776.0
33598,4544763.5
33599,6180678.5
33600,5824645.0
33601,5020660.5
33602,6782606.0
33603,7101509.0
33604,3899834.0
33605,8570874.0
33606,5799582.0
33607,11300482.0
33608,10181674.0
33609,7089691.0
33610,10064908.0
33611,6860619.0
33612,4794509.0
33613,4987805.0
33614,4557213.5
33615,5122132.0
33616,12253784.0
33617,6941385.0
33618,3224596.75
33619,10296238.0
33620,7262542.0
33621,2133291.75
33622,7295401.5
33623,7299771.5
33624,5869689.5
33625,2843203.25
33626,13260148.0
33627,3968999.25
33628,4508171.5
33629,8905560.0
33630,6091090.5
33631,10422286.0
33632,5842803.0
33633,3800260.5
33634,14268178.0
33635,8314660.5
33636,6296006.5
33637,3705008.0
33638,9047158.0
33639,9133584.0
33640,11232536.0
33641,7247052.5
33642,10777008.0
33643,4093289.25
33644,7112978.5
33645,5846110.5
33646,10255246.0
33647,6468657.0
33648,9163902.0
33649,6764736.5
33650,6185355.0
33651,6824514.0
33652,8579404.0
33653,6758046.0
33654,6565445.0
33655,5113604.0
33656,3354994.25
33657,8010654.0
33658,8668988.0
33659,7074521.0
33660,7782152.0
33661,3690129.0
33662,7705646.5
33663,6745226.5
33664,7445471.0
33665,8167129.5
33666,5415566.0
33667,3866407.75
33668,7319353.5
33669,15876192.0
33670,4986840.5
33671,5333076.0
33672,22278998.0
33673,11274222.0
33674,5831525.0
33675,9998446.0
33676,4044108.25
33677,6343442.5
33678,8516974.0
33679,12581224.0
33680,7725271.5
33681,10130444.0
33682,7995954.0
33683,7710097.0
33684,5005070.0
33685,7880265.5
33686,8792190.0
33687,5988942.5
33688,13141028.0
33689,5884626.5
33690,5164788.0
33691,7586817.0
33692,5737255.5
33693,8608826.0
33694,5524783.5
33695,6888413.5
33696,7827252.5
33697,4890613.5
33698,6801668.5
33699,11604898.0
33700,3527140.25
33701,7116422.5
33702,7057347.5
33703,8519512.0
33704,4673692.0
33705,7537476.5
33706,7730095.5
33707,4284231.5
33708,5158739.5
33709,7057497.5
33710,5980997.5
33711,11512032.0
33712,9513260.0
33713,4048616.0
33714,5245852.5
33715,7652497.5
33716,4142592.0
33717,9494456.0
33718,5215394.0
33719,7008480.5
33720,5871278.0
33721,6576312.0
33722,5238075.0
33723,4157012.5
33724,5974682.0
33725,5047806.0
33726,8083287.5
33727,8730484.0
33728,6880725.0
33729,4785640.5
33730,5149966.0
33731,16757818.0
33732,6820481.0
33733,4103935.75
33734,6312221.0
33735,7647957.5
33736,6594310.0
33737,10516854.0
33738,4950623.0
33739,6796321.5
33740,4912182.5
33741,14255830.0
33742,5801092.0
33743,6437828.5
33744,4687937.0
33745,1996225.125
33746,8725140.0
33747,7520664.0
33748,6266611.5
33749,4712945.0
33750,9844384.0
33751,5743698.0
33752,5431685.0
33753,11717282.0
33754,8412540.0
33755,9375332.0
33756,6755724.5
33757,5172227.5
33758,5721098.0
33759,3277903.5
33760,4387270.0
33761,6728914.5
33762,5794355.0
33763,5317319.0
33764,6004179.0
33765,6372084.5
33766,5033405.5
33767,11726220.0
33768,6041362.5
33769,8165908.0
33770,3252896.75
33771,4267140.5
33772,7049510.5
33773,5622105.5
33774,6019363.0
33775,4429306.5
33776,6198767.5
33777,7296727.0
33778,8467346.0
33779,8384397.5
33780,17215530.0
33781,6282164.5
33782,4242700.5
33783,6964103.5
33784,6426853.0
33785,10464092.0
33786,7476394.0
33787,7560171.5
33788,5041509.0
33789,5126365.0
33790,5849821.0
33791,7245839.0
33792,4652655.0
33793,11907238.0
33794,5272844.0
33795,5740411.5
33796,9531236.0
33797,11866810.0
33798,8081247.5
33799,4026850.25
33800,5864347.0
33801,5480510.0
33802,6007827.0
33803,6235156.0
33804,6140577.0
33805,4723439.0
33806,7574033.0
33807,9611494.0
33808,5912998.0
33809,20983060.0
33810,6700371.5
33811,10764654.0
33812,12845660.0
33813,4601193.5
33814,13443510.0
33815,13150668.0
33816,5111404.5
33817,6194327.0
33818,6759872.0
33819,4422803.5
33820,5944801.0
33821,7493600.5
33822,4008305.0
33823,6048233.5
33824,9493274.0
33825,8313595.5
33826,8723952.0
33827,6776446.0
33828,5357346.0
33829,8838908.0
33830,4887006.0
33831,9619576.0
33832,7301251.5
33833,8339946.5
33834,6128388.0
33835,8546790.0
33836,6813821.5
33837,1913646.875
33838,8453296.0
33839,6810186.0
33840,9542224.0
33841,10601520.0
33842,8843644.0
33843,6662808.5
33844,4407422.0
33845,5419485.5
33846,5626334.5
33847,6450449.5
33848,7640049.5
33849,12843222.0
33850,4616963.5
33851,5022692.5
33852,6971359.0
33853,9485826.0
33854,5678991.0
33855,5066994.0
33856,1904002.25
33857,8177408.5
33858,8040909.5
33859,15241798.0
33860,3544040.5
33861,4350517.5
33862,5012419.5
33863,4662300.0
33864,6158060.5
33865,5030713.0
33866,7558192.5
33867,5738364.0
33868,11646916.0
33869,8792904.0
33870,5971895.5
33871,6311303.5
33872,6545559.5
33873,6765557.5
33874,4116718.5
33875,12051132.0
33876,8293144.5
33877,8221707.0
33878,5854822.5
33879,6039855.0
33880,3817634.25
33881,7175332.0
33882,6014177.0
33883,5118221.5
33884,6349739.0
33885,7165506.5
33886,10025026.0
33887,9695840.0
33888,11100470.0
33889,5905415.5
33890,7974126.0
33891,7192506.0
33892,4210906.0
33893,8173291.0
33894,4972190.0
33895,5862494.5
33896,5105868.5
33897,4220211.5
33898,5742119.0
33899,12415810.0
33900,10268410.0
33901,6601551.0
33902,6665374.0
33903,6160402.5
33904,6722935.0
33905,6021705.0
33906,5459698.5
33907,3633440.5
33908,3595531.5
33909,7124373.0
33910,4626895.0
33911,5780110.5
33912,3874924.0
33913,5882477.0
33914,3722403.5
33915,30475920.0
33916,7327516.0
33917,5955614.0
33918,9969920.0
33919,7804834.5
33920,3824369.25
33921,4220211.5
33922,4439205.5
33923,9179876.0
33924,5804658.5
33925,10332056.0
33926,6506322.5
33927,11829066.0
33928,7630210.0
33929,7660277.0
33930,5953739.0
33931,6835610.0
33932,5624608.5
33933,7992898.0
33934,4665587.5
33935,2611417.5
33936,6160067.5
33937,5528519.0
33938,8547740.0
33939,6964170.0
33940,14998470.0
33941,8363147.0
33942,10459352.0
33943,10050928.0
33944,6201977.0
33945,6673301.5
33946,6379254.0
33947,12285952.0
33948,6965026.5
33949,6018792.5
33950,6446604.0
33951,3947633.75
33952,6782859.5
33953,4164796.5
33954,16329018.0
33955,5548829.5
33956,12889216.0
33957,3710786.75
33958,4741545.0
33959,5740881.0
33960,5905819.5
33961,7767538.0
33962,5569597.5
33963,7323529.5
33964,7134193.0
33965,3312116.0
33966,5014313.5
33967,6812936.0
33968,7827125.5
33969,5010656.0
33970,4350336.0
33971,4800180.0
33972,9822060.0
33973,6865141.5
33974,5605379.0
33975,8195970.0
33976,12557288.0
33977,5797088.0
33978,9202676.0
33979,6748258.5
33980,12486142.0
33981,6342391.0
33982,4309098.0
33983,3666747.25
33984,4452213.5
33985,5687344.5
33986,7704037.5
33987,5667468.5
33988,3070205.0
33989,6094669.0
33990,3586817.75
33991,5065512.5
33992,2693861.25
33993,12686338.0
33994,8818786.0
33995,7684591.5
33996,8016171.0
33997,5947905.0
33998,9269810.0
33999,5558993.5
34000,4752393.5
34001,7849071.0
34002,7822339.5
34003,4670056.0
34004,4075070.0
34005,5644337.5
34006,17429000.0
34007,7467526.0
34008,5922841.0
34009,7096971.0
34010,6239500.0
34011,4469325.0
34012,9776988.0
34013,6048528.5
34014,8929440.0
34015,6959454.0
34016,3385142.75
34017,13519166.0
34018,10435576.0
34019,8362701.5
34020,6957079.0
34021,6700757.0
34022,6161923.5
34023,5940762.5
34024,5859457.0
34025,6354077.0
34026,9960906.0
34027,7098150.5
34028,7533488.0
34029,2515180.5
34030,4553607.5
34031,18446898.0
34032,9411298.0
34033,8472762.0
34034,7486976.5
34035,4195101.0
34036,7801991.0
34037,4163034.75
34038,4275300.0
34039,5407725.5
34040,9703628.0
34041,4928175.5
34042,9644552.0
34043,5222430.0
34044,4595921.0
34045,9646328.0
34046,5106607.0
34047,6842802.0
34048,7931680.0
34049,3980683.75
34050,9818110.0
34051,9009382.0
34052,6755444.5
34053,11414784.0
34054,8237721.5
34055,4676287.5
34056,3384740.5
34057,5902907.0
34058,9607842.0
34059,6456391.0
34060,3590585.5
34061,5945063.5
34062,3886568.25
34063,7101840.5
34064,3737172.0
34065,5721056.5
34066,5087278.5
34067,6161992.0
34068,11312408.0
34069,6170065.0
34070,6273126.0
34071,3644151.75
34072,13711508.0
34073,5245249.0
34074,13208386.0
34075,6465052.5
34076,6431805.5
34077,5908877.5
34078,11740242.0
34079,8655322.0
34080,6455245.5
34081,6010772.0
34082,6985488.5
34083,6257382.5
34084,7011868.0
34085,5412574.0
34086,7528072.0
34087,5066798.0
34088,5574245.0
34089,4283589.5
34090,6598956.0
34091,7251825.0
34092,6068231.5
34093,5722466.0
34094,5011214.5
34095,3994242.0
34096,7870966.0
34097,12695962.0
34098,7519494.0
34099,8139575.5
34100,5740685.0
34101,9218252.0
34102,6287514.5
34103,7030790.5
34104,2110426.5
34105,4684642.5
34106,6168918.0
34107,7134312.5
34108,5976564.0
34109,10241618.0
34110,6738539.0
34111,4827782.0
34112,8275363.5
34113,6107191.0
34114,6567628.5
34115,3851041.75
34116,8188904.0
34117,7122156.0
34118,4438948.0
34119,8463082.0
34120,3831560.75
34121,3951023.75
34122,4084333.0
34123,4131612.75
34124,6191595.5
34125,4049428.5
34126,11536858.0
34127,3902362.0
34128,7883431.0
34129,6581547.0
34130,5770005.5
34131,15992060.0
34132,9443914.0
34133,13119210.0
34134,6917733.0
34135,6928737.5
34136,7538331.5
34137,5348042.5
34138,5961346.0
34139,7245998.5
34140,6782138.0
34141,8063157.5
34142,6369301.5
34143,7112842.0
34144,10712380.0
34145,4385161.0
34146,10180140.0
34147,7477244.5
34148,6385648.5
34149,4660440.5
34150,13931262.0
34151,5331506.5
34152,10241296.0
34153,4976806.5
34154,7084324.0
34155,4920983.5
34156,5966725.5
34157,7796989.0
34158,5632812.5
34159,12074836.0
34160,7222748.5
34161,4352442.0
34162,7006569.5
34163,6738457.5
34164,3470980.5
34165,6862036.5
34166,5719279.0
34167,8156763.0
34168,8274832.0
34169,7053252.0
34170,8539076.0
34171,7053492.5
34172,6888444.5
34173,7586197.5
34174,5938681.0
34175,6352887.0
34176,5167689.0
34177,5461246.0
34178,7087094.5
34179,5913270.5
34180,8399278.0
34181,5116737.0
34182,6295650.0
34183,4331694.5
34184,5630893.5
34185,7560939.0
34186,10547812.0
34187,5333136.5
34188,3726729.75
34189,8200354.5
34190,6350759.5
34191,10922900.0
34192,6311516.0
34193,4789518.0
34194,6468606.5
34195,8885812.0
34196,4066949.75
34197,8123827.5
34198,6531120.5
34199,6389223.0
34200,7798476.5
34201,5026503.0
34202,10007422.0
34203,8039786.5
34204,7319383.5
34205,7727685.5
34206,4981307.0
34207,3712557.0
34208,8690548.0
34209,6145748.5
34210,13848278.0
34211,7538613.5
34212,5080373.5
34213,11650764.0
34214,7914033.0
34215,4312844.0
34216,19066158.0
34217,5281195.5
34218,5093986.0
34219,4929177.5
34220,4752281.0
34221,4893255.5
34222,6088552.5
34223,3986828.0
34224,7578831.0
34225,7078600.0
34226,6793723.5
34227,6111076.0
34228,8223433.0
34229,5747761.0
34230,5874757.5
34231,6526884.0
34232,4511881.5
34233,14719590.0
34234,4996046.0
34235,4511881.5
34236,5626399.5
34237,16339980.0
34238,10704872.0
34239,6022453.0
34240,4331661.5
34241,3289456.75
34242,5074571.0
34243,9023090.0
34244,4193646.25
34245,5780515.5
34246,6014359.5
34247,11908182.0
34248,4860365.0
34249,4349707.0
34250,5812209.5
34251,6826817.0
34252,9616722.0
34253,6445360.5
34254,9126560.0
34255,5151539.0
34256,11356142.0
34257,6892923.5
34258,5979845.5
34259,12473362.0
34260,5372932.5
34261,6942123.0
34262,6890266.5
34263,5529348.0
34264,5998368.5
34265,7894902.0
34266,3434498.5
34267,8300770.0
34268,9738132.0
34269,6756849.0
34270,11157620.0
34271,4716954.0
34272,11760478.0
34273,5198002.5
34274,7932312.0
34275,6442843.0
34276,9687966.0
34277,17024880.0
34278,3465247.75
34279,10916488.0
34280,5070606.0
34281,3725830.25
34282,5980110.5
34283,11124512.0
34284,9121162.0
34285,5193220.5
34286,5885629.0
34287,6323259.5
34288,6492912.0
34289,11062574.0
34290,6609949.0
34291,8034152.5
34292,3774064.5
34293,29139734.0
34294,13397552.0
34295,8517156.0
34296,6750667.5
34297,10007212.0
34298,7660706.5
34299,6540388.5
34300,6873766.0
34301,6500177.5
34302,4867322.5
34303,7037397.0
34304,7364638.5
34305,11282708.0
34306,5443950.0
34307,9102514.0
34308,10010116.0
34309,4870471.5
34310,6785300.0
34311,9120704.0
34312,3741584.0
34313,7717356.0
34314,7093857.0
34315,16280076.0
34316,6464112.5
34317,7118407.5
34318,5859276.5
34319,4247185.5
34320,7409137.0
34321,3414409.0
34322,5852875.5
34323,5974682.0
34324,8514054.0
34325,5601805.5
34326,7029912.5
34327,7261866.5
34328,15436550.0
34329,11870238.0
34330,7045122.5
34331,7751370.0
34332,7866233.5
34333,5370417.0
34334,4992207.0
34335,13047052.0
34336,5000938.0
34337,3810949.5
34338,8136361.0
34339,16302002.0
34340,9000054.0
34341,6237884.5
34342,7676499.5
34343,4285173.0
34344,12087334.0
34345,14084364.0
34346,7205669.0
34347,5669828.0
34348,5130962.0
34349,3929980.0
34350,8677948.0
34351,3906795.25
34352,7737521.0
34353,9679034.0
34354,3775065.0
34355,7181670.5
34356,8120471.5
34357,9722822.0
34358,6580063.5
34359,8164342.0
34360,12748018.0
34361,8945530.0
34362,4516949.0
34363,4236867.0
34364,5169536.5
34365,4757762.5
34366,6081945.0
34367,9614338.0
34368,4117836.25
34369,5882119.5
34370,6211155.0
34371,6417441.0
34372,4021070.5
34373,11735668.0
34374,9577750.0
34375,4866512.5
34376,8850302.0
34377,3655506.75
34378,5679435.0
34379,8912424.0
34380,7786537.0
34381,5155526.0
34382,4019658.75
34383,5801845.5
34384,9252036.0
34385,5236227.0
34386,8201871.0
34387,5365138.0
34388,8357789.0
34389,5889212.0
34390,7513557.5
34391,5508460.0
34392,5473090.5
34393,5739901.0
34394,5025549.0
34395,5892215.5
34396,13422014.0
34397,3378819.25
34398,9215702.0
34399,11998644.0
34400,8936794.0
34401,5129707.0
34402,4659849.0
34403,6112925.5
34404,7696733.5
34405,12391340.0
34406,9789582.0
34407,4994958.5
34408,3694427.25
34409,7217993.0
34410,10386108.0
34411,6519894.0
34412,5838083.0
34413,6578744.0
34414,12096662.0
34415,2709486.25
34416,9694476.0
34417,5910511.5
34418,3730946.25
34419,7615833.5
34420,8622048.0
34421,4052019.75
34422,5911728.0
34423,4652402.5
34424,7043568.0
34425,4830967.0
34426,3799338.25
34427,5499680.0
34428,6500963.0
34429,7098736.0
34430,7307626.5
34431,4982488.0
34432,5965654.5
34433,3586817.75
34434,5799586.0
34435,6107778.0
34436,6304436.0
34437,4884573.5
34438,4680877.5
34439,6170367.5
34440,5648880.5
34441,8549494.0
34442,5411504.5
34443,4821787.0
34444,5385507.5
34445,6804894.5
34446,6834531.5
34447,13252476.0
34448,5848844.0
34449,10962570.0
34450,5210761.0
34451,5878326.0
34452,6874384.5
34453,6688924.5
34454,6845160.0
34455,6301013.0
34456,6001167.5
34457,10480196.0
34458,5613453.0
34459,8370002.5
34460,6539427.5
34461,5993892.0
34462,6258895.5
34463,4708957.0
34464,7261905.5
34465,14599432.0
34466,3560246.0
34467,7635238.5
34468,11055258.0
34469,6685316.5
34470,5046561.5
34471,8898814.0
34472,5191033.0
34473,3962665.0
34474,11820618.0
34475,5715453.0
34476,6829134.0
34477,9614918.0
34478,14511762.0
34479,7186525.0
34480,6588537.0
34481,9429366.0
34482,9579364.0
34483,6905030.0
34484,8420788.0
34485,4157641.5
34486,9290736.0
34487,10818232.0
34488,5973667.5
34489,5493292.0
34490,8103001.0
34491,8186751.0
34492,4846349.5
34493,4069626.5
34494,8098363.5
34495,4877484.5
34496,6102225.0
34497,4801256.5
34498,6868540.5
34499,10968876.0
34500,7537133.0
34501,13880160.0
34502,4450006.0
34503,8735684.0
34504,8546828.0
34505,5461761.0
34506,12651458.0
34507,4706695.0
34508,13374028.0
34509,5861198.5
34510,21588998.0
34511,8363275.5
34512,10761522.0
34513,5206192.5
34514,4718515.0
34515,3445064.75
34516,2074279.0
34517,7538159.0
34518,5047434.5
34519,7049326.5
34520,3966086.25
34521,38257656.0
34522,6545749.5
34523,5799484.0
34524,7742632.5
34525,5503952.0
34526,5469899.5
34527,7160298.5
34528,21259678.0
34529,11418278.0
34530,8635064.0
34531,4830703.0
34532,4394195.5
34533,6417572.5
34534,8117804.5
34535,3346261.25
34536,6739655.5
34537,3123219.0
34538,5773826.0
34539,7888710.0
34540,6176283.0
34541,9659654.0
34542,6979156.5
34543,6647069.5
34544,4660217.0
34545,4409093.0
34546,32016630.0
34547,4232279.0
34548,11800890.0
34549,5906210.5
34550,3934743.0
34551,6355303.5
34552,7546932.5
34553,25974906.0
34554,4077044.75
34555,11220170.0
34556,7935606.5
34557,10992844.0
34558,4779154.5
34559,7892585.5
34560,11668060.0
34561,5512786.5
34562,13689404.0
34563,3742929.75
34564,13303178.0
34565,4701937.0
34566,11712112.0
34567,5709590.0
34568,5936925.5
34569,9063392.0
34570,7196995.0
34571,9494328.0
34572,11168394.0
34573,11290060.0
34574,5935928.5
34575,5995002.5
34576,3832534.0
34577,5860546.0
34578,5142008.0
34579,3613495.25
34580,4846349.5
34581,3649506.25
34582,6049371.0
34583,9805486.0
34584,5423109.0
34585,6373943.0
34586,1891971.125
34587,11038912.0
34588,4752020.0
34589,4839157.5
34590,8429224.0
34591,10962780.0
34592,4906022.0
34593,4889636.0
34594,7700107.0
34595,7987206.5
34596,9945136.0
34597,10518414.0
34598,6269930.0
34599,4782494.5
34600,7968944.5
34601,5415006.0
34602,6453791.0
34603,6278923.0
34604,3736119.5
34605,3624035.75
34606,4524649.0
34607,5494684.5
34608,11591650.0
34609,20084448.0
34610,8250783.5
34611,6504269.5
34612,7341752.5
34613,9496178.0
34614,6311340.5
34615,6632689.0
34616,9088044.0
34617,12972972.0
34618,10759244.0
34619,5205686.0
34620,4232301.0
34621,5373610.0
34622,5449220.0
34623,5402120.5
34624,5975272.5
34625,13785070.0
34626,7926088.5
34627,5636610.0
34628,4487299.0
34629,2819931.25
34630,5272487.5
34631,6710884.0
34632,19181772.0
34633,5479422.5
34634,6091457.0
34635,5343451.5
34636,8211524.5
34637,6028864.5
34638,6306413.5
34639,5254304.0
34640,3696020.25
34641,4646340.5
34642,6620728.0
34643,5533933.0
34644,6675023.0
34645,5553573.5
34646,5272140.0
34647,4981125.0
34648,7524567.0
34649,10142414.0
34650,7084263.5
34651,11053440.0
34652,5821729.0
34653,7256516.0
34654,4662531.5
34655,5936785.0
34656,5136283.0
34657,7891914.0
34658,3289445.25
34659,4037696.25
34660,5209309.0
34661,7351687.5
34662,3876456.5
34663,12787214.0
34664,6448455.5
34665,8180047.5
34666,3809388.25
34667,7400406.0
34668,4187451.25
34669,7120796.5
34670,7962626.0
34671,4694574.0
34672,6876218.0
34673,8832602.0
34674,6481186.5
34675,8060516.0
34676,5235598.5
34677,12014250.0
34678,6268798.0
34679,8907476.0
34680,12093744.0
34681,5389277.5
34682,4745093.0
34683,5424691.0
34684,3123398.25
34685,13685586.0
34686,5881458.5
34687,6168010.5
34688,14352616.0
34689,6070160.0
34690,12181676.0
34691,12689010.0
34692,19924850.0
34693,4884592.5
34694,6975698.5
34695,6309250.0
34696,6041397.0
34697,9343958.0
34698,6851030.5
34699,6377010.5
34700,8217042.5
34701,12943678.0
34702,9183426.0
34703,3629401.75
34704,4778358.5
34705,5279799.5
34706,6543552.5
34707,4879926.5
34708,5449543.0
34709,16015934.0
34710,4525937.0
34711,9906538.0
34712,11883184.0
34713,4573119.5
34714,6112518.0
34715,4727334.5
34716,14235940.0
34717,5270957.0
34718,6011505.5
34719,6220905.5
34720,8269048.5
34721,7186639.5
34722,5337307.5
34723,7417562.0
34724,7413291.0
34725,7186762.5
34726,4822810.0
34727,6218141.0
34728,6902945.0
34729,5817445.5
34730,9665588.0
34731,12876596.0
34732,9247440.0
34733,3733842.75
34734,17002070.0
34735,3022220.25
34736,6918506.0
34737,12519666.0
34738,6974967.0
34739,6237324.5
34740,7875874.5
34741,4126456.0
34742,7084263.5
34743,5553320.5
34744,3045926.75
34745,7681207.0
34746,9680570.0
34747,6403798.5
34748,8092095.0
34749,7249996.5
34750,4554144.5
34751,4890319.5
34752,31141738.0
34753,11990280.0
34754,9731416.0
34755,4576958.0
34756,4856608.5
34757,4692428.0
34758,4611763.5
34759,6925254.5
34760,4229380.0
34761,12245740.0
34762,5386282.5
34763,8145062.0
34764,6424000.5
34765,8163208.0
34766,22879520.0
34767,8196124.5
34768,4896149.5
34769,10143052.0
34770,5804702.0
34771,14599284.0
34772,7307730.0
34773,5103518.5
34774,9405830.0
34775,4104631.25
34776,9371376.0
34777,5021647.0
34778,6571634.5
34779,6000558.0
34780,7990779.5
34781,22811046.0
34782,5345673.5
34783,12349612.0
34784,3675477.5
34785,9232644.0
34786,5633262.0
34787,3907819.75
34788,6115552.5
34789,8663738.0
34790,5216956.0
34791,6135775.5
34792,7999458.5
34793,3866878.75
34794,17121950.0
34795,5355666.5
34796,5594359.0
34797,8820052.0
34798,6782611.0
34799,8565356.0
34800,17119336.0
34801,6482114.0
34802,14291312.0
34803,6574535.5
34804,6965792.0
34805,7068436.5
34806,8185041.0
34807,4036356.75
34808,6493608.0
34809,8437596.0
34810,7730646.0
34811,4428338.0
34812,3736119.5
34813,4233104.0
34814,4177047.0
34815,9643002.0
34816,8394134.0
34817,7669182.0
34818,7256937.5
34819,8840242.0
34820,6690859.0
34821,3617382.25
34822,4971382.0
34823,5970850.5
34824,15782882.0
34825,11003590.0
34826,6553312.5
34827,4395775.0
34828,3289445.25
34829,11239260.0
34830,6674862.5
34831,4101679.0
34832,7348340.0
34833,5895198.0
34834,7929651.0
34835,3936601.75
34836,7020026.5
34837,6734358.0
34838,9620452.0
34839,5188511.5
34840,12823506.0
34841,11552076.0
34842,5968778.0
34843,6611789.0
34844,5545940.5
34845,6691976.0
34846,10701716.0
34847,5489370.5
34848,7053825.0
34849,4786259.0
34850,3939526.5
34851,3611969.0
34852,11087000.0
34853,3788783.5
34854,3679626.25
34855,14105676.0
34856,7793001.5
34857,8390018.0
34858,15769240.0
34859,12096576.0
34860,8679172.0
34861,7073374.0
34862,6759662.5
34863,11453012.0
34864,7674457.5
34865,4024067.5
34866,5538670.0
34867,7000700.0
34868,6409903.5
34869,7635977.5
34870,7902090.0
34871,5159663.0
34872,5999576.5
34873,6251910.5
34874,7768633.0
34875,9119098.0
34876,6925078.0
34877,5790001.5
34878,5965090.5
34879,6062924.5
34880,5727313.0
34881,6930617.5
34882,8395114.0
34883,3866689.5
34884,6166231.5
34885,7859476.5
34886,8333967.5
34887,5230530.0
34888,5923803.0
34889,5299527.0
34890,6990488.5
34891,5792627.0
34892,7087169.0
34893,7047357.0
34894,4891613.0
34895,4506620.0
34896,17629068.0
34897,6640326.0
34898,6088890.0
34899,7184038.5
34900,4581626.0
34901,5658505.5
34902,8608938.0
34903,6769095.5
34904,7295965.5
34905,5162554.5
34906,10022346.0
34907,7610291.5
34908,13519570.0
34909,3744764.5
34910,6813892.5
34911,9777274.0
34912,7535032.0
34913,5410938.0
34914,11291970.0
34915,6995321.5
34916,4044986.75
34917,6998135.5
34918,12962098.0
34919,4506911.0
34920,4676999.5
34921,5907253.5
34922,7753420.5
34923,5514111.0
34924,7252569.5
34925,10438742.0
34926,3686817.75
34927,10054120.0
34928,5070572.0
34929,9012524.0
34930,5355948.0
34931,8730848.0
34932,5969709.5
34933,4838935.0
34934,8560608.0
34935,5986612.5
34936,7312473.0
34937,11075890.0
34938,7376232.5
34939,6626484.0
34940,6716705.5
34941,14456126.0
34942,8509960.0
34943,5159168.0
34944,6680748.0
34945,8295137.0
34946,6987392.0
34947,4213169.5
34948,3588850.75
34949,4904786.0
34950,9817846.0
34951,7914299.0
34952,5710851.0
34953,19706864.0
34954,4928918.5
34955,7575441.5
34956,10377684.0
34957,6487406.0
34958,6082391.0
34959,5808613.0
34960,8465880.0
34961,5177400.0
34962,8908528.0
34963,6393141.5
34964,9898962.0
34965,6240740.0
34966,5180858.5
34967,5661728.0
34968,6607671.0
34969,8037492.5
34970,4969807.0
34971,3548287.0
34972,3851436.5
34973,5740926.0
34974,12498122.0
34975,16978882.0
34976,10017858.0
34977,6433294.5
34978,5913127.0
34979,7790748.5
34980,9491702.0
34981,3992421.5
34982,6367339.0
34983,5440152.5
34984,5985253.5
34985,6665736.0
34986,5018823.5
34987,3922217.5
34988,15040718.0
34989,5356079.0
34990,2530701.25
34991,5459095.5
34992,7181045.5
34993,3969631.0
34994,12069458.0
34995,7018381.5
34996,8359325.5
34997,9550602.0
34998,6031001.5
34999,4395775.0
35000,8372978.0
35001,5581955.0
35002,5633442.0
35003,7003245.0
35004,6630695.5
35005,5369119.0
35006,6095659.5
35007,9347008.0
35008,4994127.0
35009,6017773.0
35010,3318267.0
35011,6923775.5
35012,20463668.0
35013,10799346.0
35014,6183893.5
35015,9918620.0
35016,8795982.0
35017,3878225.25
35018,9072166.0
35019,11169144.0
35020,8459202.0
35021,6029190.0
35022,5408999.5
35023,4405873.5
35024,10336816.0
35025,6861718.0
35026,1937708.75
35027,8520260.0
35028,5348346.5
35029,4662300.0
35030,8065845.5
35031,5083938.5
35032,4709066.5
35033,6158453.0
35034,9337368.0
35035,16311956.0
35036,6995649.5
35037,4831059.5
35038,6446764.0
35039,13048694.0
35040,6066023.0
35041,5840451.5
35042,9306972.0
35043,14303632.0
35044,6581547.0
35045,6293144.0
35046,5939977.0
35047,5501831.0
35048,5598143.0
35049,5540409.0
35050,6455093.5
35051,8791324.0
35052,5857786.0
35053,9940914.0
35054,5165198.5
35055,6749000.0
35056,5230258.0
35057,7847897.5
35058,5588354.5
35059,8697542.0
35060,12538030.0
35061,4933463.0
35062,8154380.0
35063,3470423.0
35064,6305859.5
35065,6761495.5
35066,5229090.5
35067,5765071.0
35068,6295650.0
35069,3383920.5
35070,7324226.5
35071,3736119.5
35072,4079388.5
35073,9111840.0
35074,7849597.0
35075,5620007.0
35076,7873357.0
35077,7074800.5
35078,5836959.5
35079,8336683.0
35080,10912998.0
35081,5755253.5
35082,13933244.0
35083,5400885.0
35084,15449470.0
35085,5533763.0
35086,8681078.0
35087,8431214.0
35088,6182124.5
35089,5115986.5
35090,3346561.25
35091,2110019.75
35092,3866459.5
35093,9079300.0
35094,6129444.5
35095,9190554.0
35096,6744564.0
35097,4564052.5
35098,11014958.0
35099,3513723.5
35100,5705259.5
35101,5934555.0
35102,4095457.5
35103,23207074.0
35104,4977708.5
35105,6764870.0
35106,12581410.0
35107,3813374.0
35108,24869718.0
35109,5595529.5
35110,6674442.5
35111,8103404.0
35112,10879132.0
35113,5389762.0
35114,7063621.0
35115,7047962.5
35116,5319680.0
35117,3897414.75
35118,7116227.0
35119,7385439.5
35120,5543291.5
35121,5114006.5
35122,3736119.5
35123,7270114.5
35124,8139020.0
35125,5354034.5
35126,5731227.0
35127,5053334.5
35128,4559977.0
35129,9102836.0
35130,11520358.0
35131,14561768.0
35132,6886528.0
35133,6239500.0
35134,41651356.0
35135,5688833.5
35136,6209232.0
35137,5981892.5
35138,5857562.5
35139,12248274.0
35140,5245551.5
35141,4921557.5
35142,7249590.5
35143,8016020.5
35144,4871886.0
35145,7859532.5
35146,9017528.0
35147,4139175.0
35148,3833601.5
35149,11445080.0
35150,9694182.0
35151,6076215.0
35152,9974116.0
35153,4444129.5
35154,7800741.0
35155,6364259.0
35156,5029323.0
35157,3600387.25
35158,10332920.0
35159,10220408.0
35160,9799132.0
35161,8329298.0
35162,5315715.0
35163,4557976.0
35164,12475980.0
35165,6517034.5
35166,6392446.0
35167,7455283.0
35168,4534783.5
35169,7942429.5
35170,7358198.5
35171,1976354.0
35172,8039741.5
35173,10666690.0
35174,7256127.5
35175,7602066.0
35176,8704764.0
35177,9789164.0
35178,12509274.0
35179,5296742.5
35180,6168817.5
35181,4203414.0
35182,12984024.0
35183,9976136.0
35184,21879850.0
35185,9817226.0
35186,15618374.0
35187,6093468.5
35188,8807586.0
35189,7890022.0
35190,6260884.5
35191,11199650.0
35192,6380830.0
35193,6661330.0
35194,3759708.75
35195,11906494.0
35196,6021471.0
35197,9273268.0
35198,6221118.0
35199,5236667.0
35200,7906876.0
35201,7328303.0
35202,7217719.0
35203,4438341.0
35204,6280905.0
35205,5754892.0
35206,6716705.5
35207,5909991.0
35208,11176612.0
35209,5673932.0
35210,3425031.25
35211,10312694.0
35212,5656059.5
35213,7562951.0
35214,5081987.5
35215,6537123.0
35216,7226267.0
35217,7033123.0
35218,3825955.5
35219,7630108.5
35220,7020597.0
35221,8533026.0
35222,7030790.5
35223,9308642.0
35224,4587666.5
35225,9436458.0
35226,5690780.5
35227,7139886.5
35228,6758498.0
35229,5876813.5
35230,6331813.0
35231,6721070.5
35232,6663312.0
35233,7139502.0
35234,5545944.0
35235,9315230.0
35236,6053642.0
35237,7510628.5
35238,5719516.0
35239,8065330.0
35240,3792168.25
35241,4388949.0
35242,16251540.0
35243,5865886.0
35244,5655232.0
35245,6868947.0
35246,11609766.0
35247,4392109.0
35248,11318704.0
35249,5050708.5
35250,7292380.0
35251,3247021.5
35252,5472263.5
35253,5273495.0
35254,5009672.5
35255,5504686.5
35256,3915751.5
35257,4186497.0
35258,4159740.25
35259,11522262.0
35260,9331694.0
35261,4561261.5
35262,8327943.0
35263,7081689.5
35264,10467950.0
35265,9080744.0
35266,8814936.0
35267,5209117.5
35268,4644517.5
35269,4457954.5
35270,3586817.75
35271,4196918.0
35272,7653521.5
35273,4084346.0
35274,3863126.75
35275,5797357.5
35276,5280687.0
35277,5643978.5
35278,7488017.0
35279,6894148.5
35280,9984122.0
35281,9786292.0
35282,12835048.0
35283,9587888.0
35284,3760709.25
35285,3544040.5
35286,4660394.5
35287,7299990.5
35288,7388733.0
35289,12057766.0
35290,5973843.5
35291,20335696.0
35292,7372229.0
35293,6666032.0
35294,5284737.5
35295,5540356.0
35296,5960701.5
35297,7124580.0
35298,6959876.0
35299,8837766.0
35300,8726178.0
35301,10771726.0
35302,8214478.5
35303,5729892.0
35304,3750351.75
35305,10522910.0
35306,4421433.0
35307,5854689.0
35308,3813374.0
35309,6744479.5
35310,3586817.75
35311,4221621.5
35312,6629156.0
35313,3651069.0
35314,6138163.0
35315,9263932.0
35316,3880347.75
35317,6431503.0
35318,3299846.25
35319,6959810.5
35320,4635841.5
35321,3668237.75
35322,7291990.0
35323,4990988.5
35324,4258061.5
35325,2672996.5
35326,2744569.25
35327,7172877.5
35328,14420388.0
35329,9936812.0
35330,3924683.75
35331,10517750.0
35332,8741104.0
35333,6378328.0
35334,15910780.0
35335,2831361.0
35336,10659780.0
35337,7430415.0
35338,9052414.0
35339,10030048.0
35340,6771871.0
35341,5155284.5
35342,9598658.0
35343,10610126.0
35344,8221444.5
35345,5756605.5
35346,3317695.0
35347,3962665.0
35348,6007101.5
35349,6698931.0
35350,5688070.5
35351,9323110.0
35352,4762512.0
35353,5982445.5
35354,7788561.0
35355,12550992.0
35356,25675406.0
35357,5786626.5
35358,4364257.5
35359,11960988.0
35360,5667019.5
35361,5799446.0
35362,6196425.0
35363,5245637.5
35364,6316553.0
35365,8988436.0
35366,7043482.5
35367,6054165.5
35368,14480244.0
35369,5796451.5
35370,5604146.5
35371,6727834.5
35372,12251630.0
35373,6002884.5
35374,6235685.0
35375,5740517.0
35376,3973277.75
35377,3615397.0
35378,10182970.0
35379,5979698.5
35380,6476597.0
35381,5632900.5
35382,9512930.0
35383,6261512.5
35384,5167394.0
35385,8085569.5
35386,5523189.5
35387,8416296.0
35388,3767098.75
35389,6744637.0
35390,8225501.0
35391,7088626.0
35392,9281168.0
35393,7929604.0
35394,14354400.0
35395,7388804.5
35396,7177470.5
35397,9192050.0
35398,3902943.0
35399,3565176.25
35400,6371718.0
35401,6480920.0
35402,10379460.0
35403,8221465.5
35404,7584845.5
35405,5943708.0
35406,5511686.0
35407,9511078.0
35408,9915172.0
35409,7652497.5
35410,5211399.0
35411,9462244.0
35412,4365950.0
35413,14478288.0
35414,7350618.5
35415,9699992.0
35416,9863678.0
35417,9334478.0
35418,4550133.5
35419,6733264.5
35420,7902390.0
35421,8923422.0
35422,7864274.0
35423,3940778.5
35424,6780758.0
35425,4962611.5
35426,6170012.0
35427,5871967.0
35428,5764045.5
35429,6690655.0
35430,6719876.0
35431,7382247.0
35432,6574358.0
35433,8678534.0
35434,5031773.0
35435,7072068.5
35436,12184576.0
35437,11328168.0
35438,9350506.0
35439,5989140.0
35440,5375273.5
35441,4348155.5
35442,10450092.0
35443,16984912.0
35444,6798884.5
35445,11889616.0
35446,4488203.0
35447,8400444.0
35448,7258893.5
35449,5094431.0
35450,5097838.5
35451,11867998.0
35452,5531456.5
35453,5289579.0
35454,4543013.0
35455,23703106.0
35456,7346196.5
35457,7370833.0
35458,6266477.5
35459,7236044.5
35460,6335657.5
35461,8324837.5
35462,8966500.0
35463,10190458.0
35464,28062586.0
35465,5965412.0
35466,4717370.0
35467,10426780.0
35468,3743203.0
35469,3895047.75
35470,5054572.5
35471,8022380.0
35472,3434931.5
35473,5878493.0
35474,9235138.0
35475,8110155.0
35476,10544646.0
35477,3447496.5
35478,4049708.5
35479,9292538.0
35480,5813593.5
35481,3720602.5
35482,12735748.0
35483,6747783.5
35484,8870036.0
35485,5768038.0
35486,8251846.0
35487,8752938.0
35488,8726754.0
35489,6451040.0
35490,10557326.0
35491,3965978.5
35492,5680320.5
35493,14713476.0
35494,15065690.0
35495,15027230.0
35496,14809340.0
35497,5927878.5
35498,6012077.5
35499,10489984.0
35500,3811978.25
35501,22422470.0
35502,4989029.0
35503,4122646.0
35504,5744821.0
35505,11007166.0
35506,6379567.0
35507,7741463.0
35508,7621995.0
35509,11772964.0
35510,6766063.5
35511,3536864.5
35512,6963892.0
35513,16068238.0
35514,8176348.5
35515,5752945.5
35516,5520555.0
35517,15950386.0
35518,4348479.0
35519,7519491.5
35520,6075051.5
35521,8527734.0
35522,6106885.5
35523,10665212.0
35524,4990391.0
35525,9704706.0
35526,7525820.5
35527,5554356.0
35528,4538496.5
35529,4345304.0
35530,5675333.5
35531,14440150.0
35532,6123624.5
35533,6843109.5
35534,8537308.0
35535,8406972.0
35536,8153036.0
35537,5034518.0
35538,5976022.0
35539,7301790.5
35540,6213193.0
35541,3586817.75
35542,5653191.0
35543,5104871.5
35544,8218887.5
35545,6451001.0
35546,9546584.0
35547,5014113.5
35548,11060356.0
35549,5937326.0
35550,15816636.0
35551,6525210.5
35552,4005320.25
35553,7215080.5
35554,7873666.0
35555,9078514.0
35556,6447796.0
35557,8419302.0
35558,9815676.0
35559,10031680.0
35560,12653404.0
35561,8729310.0
35562,11671392.0
35563,6433980.5
35564,4316583.5
35565,3263664.25
35566,12036188.0
35567,6086360.5
35568,7049535.0
35569,9954744.0
35570,5982685.0
35571,8538058.0
35572,6902559.5
35573,7607487.5
35574,4139125.25
35575,12916300.0
35576,5345638.5
35577,6607395.0
35578,2890532.75
35579,4413887.0
35580,5020192.5
35581,6339861.5
35582,7785718.0
35583,8758696.0
35584,3736119.5
35585,7995305.5
35586,7208241.5
35587,6002975.0
35588,5513995.0
35589,5451799.0
35590,11033980.0
35591,4868539.0
35592,9719904.0
35593,5069758.5
35594,6320944.5
35595,6966517.5
35596,8031086.0
35597,21903316.0
35598,6954942.0
35599,8408214.0
35600,4350803.5
35601,8655348.0
35602,6491523.5
35603,4679909.5
35604,8648298.0
35605,5818804.5
35606,5830889.5
35607,6124344.5
35608,5062288.5
35609,3052631.0
35610,9597542.0
35611,4669898.5
35612,12536832.0
35613,5812599.0
35614,3989597.75
35615,3767098.75
35616,5982207.0
35617,1915242.875
35618,6895034.5
35619,5366538.5
35620,5096208.0
35621,11837800.0
35622,8463896.0
35623,10482544.0
35624,5602092.0
35625,4297578.0
35626,3411765.0
35627,4018078.25
35628,7216750.0
35629,3594009.25
35630,6452688.5
35631,4740640.0
35632,7953523.5
35633,5741330.5
35634,5950905.5
35635,5651753.5
35636,5615213.5
35637,5509271.0
35638,7465887.0
35639,4971303.0
35640,1915242.875
35641,10554910.0
35642,13304256.0
35643,9427228.0
35644,7188633.0
35645,4646745.5
35646,7922380.0
35647,6349414.5
35648,8157763.5
35649,17182554.0
35650,4843939.5
35651,5598392.5
35652,5021801.0
35653,5194707.5
35654,6959858.5
35655,2870220.75
35656,2504259.5
35657,7399586.5
35658,8812796.0
35659,3860436.75
35660,5433116.5
35661,10410500.0
35662,6406140.0
35663,9775678.0
35664,10630072.0
35665,27118402.0
35666,6500199.5
35667,6082163.5
35668,5689484.5
35669,3508179.75
35670,6172337.0
35671,3815049.75
35672,11255310.0
35673,5916529.0
35674,6035185.0
35675,11131800.0
35676,5406518.5
35677,6319266.5
35678,7077731.5
35679,4737609.0
35680,27139174.0
35681,8087150.0
35682,6854258.5
35683,9951128.0
35684,3824369.25
35685,6459673.5
35686,7138996.0
35687,9154312.0
35688,5768215.0
35689,9312128.0
35690,6326112.0
35691,8241507.0
35692,6324277.5
35693,5898091.0
35694,6608697.5
35695,6299293.0
35696,4839719.0
35697,9237800.0
35698,5623168.5
35699,7090432.0
35700,6853862.0
35701,8203765.0
35702,6918409.0
35703,5082243.5
35704,7520681.5
35705,7999219.5
35706,3937403.25
35707,6903833.5
35708,6643215.5
35709,3806182.5
35710,12405930.0
35711,6881327.0
35712,3990497.25
35713,11840664.0
35714,6786995.5
35715,8134722.0
35716,8384517.5
35717,10160282.0
35718,8496004.0
35719,5757447.5
35720,4646745.5
35721,8377273.0
35722,5207016.5
35723,4189138.25
35724,4310628.5
35725,5157623.5
35726,6313021.0
35727,8296752.0
35728,8625220.0
35729,6406140.0
35730,7280586.5
35731,10597814.0
35732,8934826.0
35733,5254265.5
35734,4588834.5
35735,11254578.0
35736,5157948.0
35737,5386306.0
35738,5505898.0
35739,5095974.5
35740,8035863.0
35741,8074671.5
35742,5424363.5
35743,10066984.0
35744,5392939.5
35745,4261059.5
35746,8877362.0
35747,5333386.0
35748,4381450.0
35749,7780863.5
35750,3882038.0
35751,15038342.0
35752,4580956.0
35753,8422388.0
35754,4097890.0
35755,4353060.5
35756,8275419.0
35757,3386075.5
35758,4232576.5
35759,9032838.0
35760,4139394.75
35761,6732347.5
35762,8281440.0
35763,21906204.0
35764,8818116.0
35765,7472492.0
35766,4061062.0
35767,7336174.5
35768,4211373.0
35769,5000242.5
35770,3987555.75
35771,5273495.0
35772,6040035.5
35773,6688260.0
35774,3924676.25
35775,5926443.5
35776,6426494.0
35777,6392929.0
35778,13714122.0
35779,6405537.5
35780,9374400.0
35781,15806022.0
35782,7867046.5
35783,3425031.25
35784,7160783.5
35785,13140896.0
35786,8299515.5
35787,4036655.25
35788,9335814.0
35789,5509335.0
35790,4213146.0
35791,5654248.0
35792,5903295.0
35793,4883053.5
35794,11281140.0
35795,4642836.0
35796,5267404.0
35797,8822872.0
35798,3344650.75
35799,8802962.0
35800,7337232.0
35801,3283361.0
35802,20402688.0
35803,3962373.75
35804,5296829.5
35805,4335890.0
35806,6280221.5
35807,6253218.0
35808,5882348.0
35809,6111594.5
35810,6225660.0
35811,3913077.25
35812,9488276.0
35813,6297961.5
35814,12293186.0
35815,7235307.0
35816,18128674.0
35817,4794509.0
35818,6460665.5
35819,7756971.5
35820,6953380.5
35821,4252840.0
35822,6506899.0
35823,6360239.5
35824,10589962.0
35825,5242219.5
35826,9118256.0
35827,8187227.5
35828,10319296.0
35829,4007936.0
35830,3967469.25
35831,7245494.5
35832,8781114.0
35833,6689774.5
35834,5162871.0
35835,5662453.5
35836,9791360.0
35837,7339907.0
35838,6677152.5
35839,8563112.0
35840,4742332.0
35841,7000944.0
35842,17570768.0
35843,4095494.75
35844,6017356.0
35845,10517954.0
35846,11594174.0
35847,7840816.0
35848,5548628.0
35849,4179811.25
35850,5871626.0
35851,7763417.5
35852,5886789.0
35853,6002975.0
35854,7768530.0
35855,5081197.0
35856,5516050.5
35857,10248912.0
35858,6925375.5
35859,5941600.0
35860,8946582.0
35861,5305660.0
35862,12032366.0
35863,9003570.0
35864,6409374.0
35865,7486976.5
35866,7607157.0
35867,5574977.5
35868,6598678.5
35869,8876468.0
35870,9126034.0
35871,7032997.0
35872,8123206.5
35873,11030130.0
35874,6506192.0
35875,5926938.0
35876,3586817.75
35877,4462086.0
35878,6584393.0
35879,4813609.5
35880,9846512.0
35881,5552556.0
35882,13543316.0
35883,5602464.5
35884,4426420.0
35885,8209904.5
35886,5050194.0
35887,4528724.0
35888,11222530.0
35889,17469864.0
35890,8191010.0
35891,5331097.0
35892,6630253.5
35893,4889252.5
35894,9832438.0
35895,4471711.0
35896,1911193.875
35897,7126655.5
35898,4705873.5
35899,8987452.0
35900,4816210.0
35901,10426630.0
35902,3996801.5
35903,4253314.0
35904,5396595.0
35905,5039972.0
35906,16181888.0
35907,5952296.0
35908,10725730.0
35909,8542688.0
35910,6703613.5
35911,7043980.0
35912,5224083.5
35913,9283208.0
35914,6731190.5
35915,6235811.0
35916,5081942.0
35917,5724916.5
35918,11202996.0
35919,5079230.0
35920,4906798.5
35921,5825067.5
35922,7215157.5
35923,4923932.5
35924,8072120.0
35925,26429110.0
35926,7768914.0
35927,4405643.0
35928,3425031.25
35929,5158075.5
35930,5143979.5
35931,5953104.0
35932,5090144.5
35933,5593316.5
35934,3886645.75
35935,10323128.0
35936,13003120.0
35937,8380444.5
35938,5346863.0
35939,4852428.5
35940,7407763.0
35941,9070476.0
35942,4297771.5
35943,5521600.0
35944,5873547.5
35945,5413652.5
35946,5857214.0
35947,13295856.0
35948,4360826.5
35949,8253330.5
35950,5938491.5
35951,9633462.0
35952,6698246.0
35953,7259906.5
35954,7125522.5
35955,14483020.0
35956,4957706.0
35957,7275441.5
35958,13318562.0
35959,5984681.5
35960,8437228.0
35961,4391458.0
35962,13909946.0
35963,10254586.0
35964,4293488.5
35965,5757572.5
35966,5699235.0
35967,11890616.0
35968,7854193.5
35969,6781734.0
35970,9028004.0
35971,6627344.0
35972,6395177.5
35973,10133686.0
35974,7285195.0
35975,4496792.5
35976,7254749.5
35977,4945203.5
35978,5399691.5
35979,6855656.0
35980,7888809.5
35981,5224575.5
35982,8347296.0
35983,16895444.0
35984,8689138.0
35985,8005898.0
35986,4295305.5
35987,5027922.5
35988,20235300.0
35989,9724230.0
35990,6910914.0
35991,13597472.0
35992,5297268.0
35993,5500780.5
35994,4929105.0
35995,8861220.0
35996,6038828.5
35997,7039878.5
35998,5638215.5
35999,12354980.0
36000,6633983.5
36001,9693334.0
36002,11490130.0
36003,11282506.0
36004,7684706.5
36005,5668179.5
36006,8284075.5
36007,3928797.75
36008,3422647.0
36009,8065405.0
36010,10714870.0
36011,18594254.0
36012,7202951.5
36013,5931906.0
36014,6953627.0
36015,6767967.0
36016,7197548.5
36017,12651458.0
36018,4481714.0
36019,8040102.5
36020,9600230.0
36021,12368562.0
36022,6919717.0
36023,6617543.0
36024,6913789.0
36025,9709730.0
36026,6998039.5
36027,6026670.5
36028,6826233.5
36029,6316818.5
36030,7247081.5
36031,6548413.0
36032,6810144.0
36033,7417013.5
36034,6539041.0
36035,5847746.0
36036,6221291.0
36037,7266778.5
36038,6531010.5
36039,6851734.0
36040,6247692.5
36041,5696898.5
36042,6905503.5
36043,7384247.0
36044,8065299.5
36045,4324014.0
36046,3676357.25
36047,8596144.0
36048,7207071.5
36049,6638911.5
36050,11024050.0
36051,7230746.0
36052,6452552.0
36053,8826432.0
36054,6608892.0
36055,3359512.25
36056,10479910.0
36057,4951487.5
36058,5778538.5
36059,4975396.5
36060,8706416.0
36061,6021544.0
36062,13585338.0
36063,5548614.0
36064,3900628.25
36065,9831790.0
36066,6492078.5
36067,10230014.0
36068,4088312.25
36069,3259586.75
36070,14341738.0
36071,8833942.0
36072,6431574.0
36073,12319608.0
36074,6269009.5
36075,7698500.5
36076,5661061.5
36077,7913124.0
36078,2951495.75
36079,7142120.0
36080,6683368.0
36081,4545615.0
36082,4428175.0
36083,6195305.5
36084,4922761.0
36085,5066460.5
36086,6946765.0
36087,4616713.0
36088,8497684.0
36089,8236869.5
36090,6548294.5
36091,7216950.0
36092,10754612.0
36093,6477115.0
36094,6325877.0
36095,5624067.5
36096,9273160.0
36097,6914396.0
36098,6122298.0
36099,4867018.5
36100,9202992.0
36101,9068140.0
36102,13938094.0
36103,7060445.5
36104,3576114.5
36105,10461900.0
36106,7614545.5
36107,15783274.0
36108,7131755.0
36109,6444840.5
36110,5924122.5
36111,5354351.0
36112,2089561.75
36113,7943861.0
36114,7880245.5
36115,6398148.5
36116,5599732.0
36117,5232701.0
36118,6005487.5
36119,5879848.0
36120,8622422.0
36121,5211399.0
36122,3276660.75
36123,8330164.0
36124,11731544.0
36125,2950196.25
36126,7356130.0
36127,5900716.0
36128,5473155.0
36129,6700382.0
36130,7265586.0
36131,6581665.0
36132,12420022.0
36133,7826942.5
36134,6187292.5
36135,10088662.0
36136,8131502.0
36137,5517121.5
36138,9679424.0
36139,7913908.5
36140,3603736.25
36141,5702059.0
36142,5567446.5
36143,7465604.0
36144,4000240.0
36145,10912580.0
36146,3701326.5
36147,5780090.0
36148,8030973.0
36149,10041164.0
36150,4665587.5
36151,2489907.75
36152,8416176.0
36153,7806125.5
36154,20736624.0
36155,6114077.5
36156,8213084.0
36157,5239895.5
36158,6581213.0
36159,5192708.0
36160,8805552.0
36161,5319402.0
36162,5008373.0
36163,10831798.0
36164,2673578.0
36165,10335506.0
36166,8151929.5
36167,5839150.0
36168,6132605.5
36169,5327991.0
36170,10336678.0
36171,8834312.0
36172,8247075.0
36173,14348640.0
36174,6435800.5
36175,6866804.5
36176,4854926.5
36177,6949851.5
36178,7961970.0
36179,7753912.0
36180,5638507.5
36181,7883288.5
36182,7283203.5
36183,3351119.5
36184,15682898.0
36185,6198317.5
36186,5859457.0
36187,7820031.5
36188,6420515.0
36189,8123047.0
36190,5261495.0
36191,5081987.5
36192,9370936.0
36193,24009468.0
36194,7670761.0
36195,5134789.0
36196,6355535.0
36197,9589038.0
36198,8762054.0
36199,10922262.0
36200,8015059.0
36201,6294072.5
36202,6910137.0
36203,3641420.75
36204,8913398.0
36205,5577784.5
36206,7343362.0
36207,5716587.5
36208,10906908.0
36209,8039440.5
36210,6241333.0
36211,10423786.0
36212,9742270.0
36213,5114808.5
36214,5463093.0
36215,10804616.0
36216,3587986.25
36217,6634596.5
36218,8047077.0
36219,3759750.25
36220,5768859.5
36221,6839107.0
36222,6805834.0
36223,6380079.0
36224,6768150.5
36225,2989795.0
36226,4377680.5
36227,5758897.0
36228,3885259.0
36229,6952341.0
36230,4331425.5
36231,3730018.25
36232,7943005.5
36233,13423804.0
36234,8402228.0
36235,6339139.0
36236,25406324.0
36237,6978973.0
36238,5979795.0
36239,5673259.5
36240,6833076.0
36241,6496826.5
36242,12676310.0
36243,6681135.0
36244,7868202.5
36245,3729595.0
36246,9857226.0
36247,11860914.0
36248,4084929.0
36249,7831686.5
36250,8833158.0
36251,4191452.0
36252,6450025.0
36253,7616514.0
36254,5386922.0
36255,4998736.5
36256,5505324.5
36257,5415009.5
36258,6841859.0
36259,5279799.5
36260,6627764.0
36261,4276069.0
36262,6492534.0
36263,6078140.0
36264,5943316.5
36265,5667078.5
36266,7697004.0
36267,6690125.0
36268,14987564.0
36269,8798732.0
36270,6623781.5
36271,10068388.0
36272,3202057.75
36273,7350998.0
36274,5922459.0
36275,11502256.0
36276,6021977.0
36277,6336289.0
36278,4763690.5
36279,6339879.0
36280,6653598.5
36281,8093297.0
36282,3084337.75
36283,6114985.5
36284,15890272.0
36285,6118191.5
36286,6352864.5
36287,7574830.5
36288,5893217.5
36289,8884066.0
36290,15082934.0
36291,6157471.5
36292,6589873.5
36293,8891316.0
36294,16826198.0
36295,4869410.0
36296,7024000.0
36297,7861231.0
36298,11516996.0
36299,6420228.5
36300,4496269.5
36301,6380572.5
36302,8559056.0
36303,11207368.0
36304,9683008.0
36305,6462076.5
36306,9351432.0
36307,5474992.5
36308,7168553.0
36309,11862990.0
36310,3870121.5
36311,5839719.0
36312,5567190.5
36313,7311473.5
36314,6373949.0
36315,6658483.5
36316,4305458.5
36317,5383053.5
36318,3722403.5
36319,7483575.0
36320,5039427.0
36321,6825250.0
36322,5989365.0
36323,4802202.0
36324,15791004.0
36325,8700208.0
36326,5048088.5
36327,5649922.0
36328,10456502.0
36329,4859532.0
36330,6859150.5
36331,7215731.5
36332,7709195.0
36333,6729789.5
36334,7664069.5
36335,6300375.5
36336,8213573.0
36337,14281704.0
36338,6332891.5
36339,6595475.0
36340,6880966.0
36341,2149079.25
36342,14166736.0
36343,5188107.0
36344,5905587.0
36345,11094058.0
36346,4112980.0
36347,6443854.5
36348,5860700.0
36349,8404080.0
36350,42656196.0
36351,4499859.5
36352,4439816.5
36353,6514506.0
36354,4593832.5
36355,7395990.5
36356,6337747.5
36357,9426788.0
36358,8590628.0
36359,7876583.0
36360,6140400.0
36361,6083338.5
36362,8362547.0
36363,6060075.5
36364,5166248.0
36365,4097890.0
36366,6299293.0
36367,10355534.0
36368,9396354.0
36369,8159481.0
36370,4798162.5
36371,8337599.5
36372,12346100.0
36373,10882706.0
36374,4638365.5
36375,6252899.0
36376,6231664.5
36377,7720797.5
36378,15074228.0
36379,7171687.5
36380,10929714.0
36381,5818427.5
36382,10549316.0
36383,7149387.0
36384,6245620.5
36385,9551332.0
36386,6400389.5
36387,7073036.0
36388,6433399.0
36389,9230622.0
36390,6816343.0
36391,5385503.5
36392,4149290.25
36393,23593494.0
36394,4019658.75
36395,8424880.0
36396,10759502.0
36397,4052911.5
36398,7105485.0
36399,11549072.0
36400,6358164.0
36401,4492500.5
36402,11953952.0
36403,5644284.0
36404,9093172.0
36405,6394284.0
36406,12357924.0
36407,7435944.5
36408,8191276.0
36409,6267342.5
36410,9022014.0
36411,4817986.0
36412,6265934.0
36413,6478037.0
36414,5563990.5
36415,5806845.5
36416,6341327.5
36417,8412772.0
36418,4910754.0
36419,4319497.5
36420,5717376.5
36421,5289418.0
36422,8059403.5
36423,8001454.5
36424,6273126.0
36425,3550324.75
36426,5138135.0
36427,3955473.5
36428,13576038.0
36429,6225133.5
36430,9370958.0
36431,4388071.5
36432,7852525.0
36433,8265994.5
36434,5759917.0
36435,7101381.5
36436,2812083.75
36437,8977556.0
36438,26052022.0
36439,4007223.5
36440,5822086.5
36441,6589957.0
36442,13038682.0
36443,8710018.0
36444,5504144.5
36445,11700764.0
36446,6935938.5
36447,5449999.5
36448,11555112.0
36449,14004168.0
36450,6283978.0
36451,11070992.0
36452,4332366.5
36453,9128730.0
36454,3420932.5
36455,4666316.0
36456,5556281.0
36457,6150914.0
36458,28840134.0
36459,9946782.0
36460,13973126.0
36461,4690185.0
36462,4987534.0
36463,5261035.0
36464,10555330.0
36465,6800556.0
36466,6192125.0
36467,4185716.75
36468,5905733.0
36469,7809389.5
36470,8949722.0
36471,13539796.0
36472,7773787.0
36473,5474939.0
36474,5092886.0
36475,5183351.0
36476,4215815.0
36477,8083427.0
36478,8406440.0
36479,5466801.0
36480,8127520.5
36481,8383592.5
36482,5960701.5
36483,6534744.5
36484,9110766.0
36485,15822198.0
36486,7284560.5
36487,10930222.0
36488,5818607.0
36489,7268732.5
36490,7472007.0
36491,10834984.0
36492,6595698.0
36493,5984904.5
36494,9304608.0
36495,4989641.0
36496,5696008.5
36497,5458898.0
36498,8274606.0
36499,9390856.0
36500,4287198.0
36501,6915372.5
36502,7841725.0
36503,6314662.5
36504,5831834.5
36505,7319881.5
36506,12494244.0
36507,13260022.0
36508,6748953.5
36509,7498202.5
36510,9235546.0
36511,3912884.25
36512,5692876.5
36513,15945578.0
36514,8442052.0
36515,9238608.0
36516,4076234.75
36517,6033290.5
36518,7567909.0
36519,6012678.5
36520,10791826.0
36521,5667515.5
36522,5753918.0
36523,3839740.0
36524,6295650.0
36525,5159795.0
36526,4884913.5
36527,6855189.5
36528,4745949.5
36529,5967127.0
36530,22819996.0
36531,5919990.0
36532,6026608.0
36533,7689781.0
36534,8508376.0
36535,30016282.0
36536,5084787.0
36537,3977158.25
36538,11878264.0
36539,7327190.5
36540,5585173.5
36541,5726859.0
36542,5412982.0
36543,6667532.5
36544,6500199.5
36545,6386626.5
36546,4986535.5
36547,9999058.0
36548,9118372.0
36549,5838918.5
36550,5660957.0
36551,5848251.0
36552,4794643.5
36553,6196255.0
36554,10976542.0
36555,4097890.0
36556,5370797.5
36557,6309407.5
36558,3736119.5
36559,5212639.5
36560,8328545.0
36561,4676999.5
36562,6796994.0
36563,8964744.0
36564,6806523.5
36565,7821362.0
36566,1891971.125
36567,5949920.0
36568,11452222.0
36569,5512185.0
36570,5983786.5
36571,13789086.0
36572,5332853.5
36573,5252283.5
36574,3853304.75
36575,9673484.0
36576,6660118.5
36577,5965951.0
36578,8320655.5
36579,4377306.0
36580,9845542.0
36581,4926857.0
36582,4283031.5
36583,6163005.5
36584,6147241.0
36585,6966450.0
36586,7050307.5
36587,11883546.0
36588,9003334.0
36589,6679083.0
36590,6904541.0
36591,5258759.0
36592,6159208.0
36593,5983756.0
36594,6823640.0
36595,7064629.0
36596,5850748.5
36597,3436438.25
36598,3966145.0
36599,5568163.5
36600,5376135.5
36601,4739306.0
36602,6703939.0
36603,5080423.5
36604,12010764.0
36605,11369836.0
36606,6310068.0
36607,6841405.5
36608,4646745.5
36609,12036766.0
36610,5894050.0
36611,8271427.0
36612,6951382.0
36613,8065079.0
36614,6966450.0
36615,14618394.0
36616,5682516.5
36617,6274817.0
36618,4460479.0
36619,8278144.0
36620,4455876.0
36621,5740355.5
36622,13168524.0
36623,8385946.0
36624,6606268.5
36625,12689664.0
36626,6734539.0
36627,5944291.5
36628,6251910.5
36629,8977486.0
36630,4659183.0
36631,4563863.0
36632,8005092.5
36633,7212091.0
36634,14825586.0
36635,14224460.0
36636,11220986.0
36637,11548144.0
36638,4829740.0
36639,5323765.5
36640,2526652.5
36641,7893751.0
36642,8579070.0
36643,5511957.5
36644,7630178.5
36645,9003550.0
36646,6465363.5
36647,6519741.0
36648,9752314.0
36649,6700496.0
36650,4304168.5
36651,7338209.0
36652,9261392.0
36653,5789370.0
36654,12401442.0
36655,9091764.0
36656,12603938.0
36657,5953430.0
36658,4023288.5
36659,3660357.5
36660,6691757.5
36661,8534792.0
36662,6739637.0
36663,14280802.0
36664,6865458.0
36665,4970998.5
36666,5333481.0
36667,4918708.5
36668,4220542.0
36669,12855166.0
36670,6128684.5
36671,11992834.0
36672,6281151.5
36673,5536100.5
36674,11151320.0
36675,8486490.0
36676,9173852.0
36677,17064088.0
36678,5507810.0
36679,8548606.0
36680,7725137.0
36681,6078937.5
36682,12529146.0
36683,6255562.5
36684,7073522.5
36685,7323436.5
36686,9105682.0
36687,13294192.0
36688,7724622.0
36689,8422504.0
36690,3909889.75
36691,8238903.0
36692,12732508.0
36693,4353005.5
36694,7110346.5
36695,8342663.0
36696,9529498.0
36697,8897332.0
36698,9530024.0
36699,6381836.5
36700,4496947.5
36701,6068790.0
36702,6032332.0
36703,5976147.5
36704,5550616.0
36705,7500552.0
36706,9161860.0
36707,4012450.5
36708,7789211.5
36709,7516667.5
36710,8771662.0
36711,4793468.0
36712,5629426.0
36713,6305637.5
36714,6435797.5
36715,8683422.0
36716,7529319.0
36717,8112329.0
36718,4269400.0
36719,18095642.0
36720,7722635.5
36721,5473622.0
36722,7035242.5
36723,3873292.25
36724,14646696.0
36725,6490719.0
36726,6168063.0
36727,10746576.0
36728,6034380.5
36729,3734475.75
36730,6316674.0
36731,5499911.0
36732,7085945.5
36733,7845321.5
36734,9852530.0
36735,9498806.0
36736,7128632.0
36737,7519888.5
36738,9573508.0
36739,5910227.5
36740,4572490.5
36741,5982015.0
36742,12452174.0
36743,6544041.5
36744,8270260.0
36745,4306864.0
36746,7362711.0
36747,10194212.0
36748,8479424.0
36749,7581967.5
36750,15096994.0
36751,5869579.0
36752,8389982.0
36753,5616742.0
36754,10058314.0
36755,8888710.0
36756,6436718.0
36757,12168422.0
36758,5999678.5
36759,5352235.0
36760,6130488.0
36761,10784372.0
36762,8370818.5
36763,3155543.75
36764,8184229.0
36765,6998801.5
36766,15291782.0
36767,7001992.0
36768,11605860.0
36769,5569363.5
36770,30638458.0
36771,5964252.5
36772,9732508.0
36773,8959540.0
36774,4210201.0
36775,8313254.0
36776,11734234.0
36777,7444937.0
36778,10400396.0
36779,6015914.5
36780,7220490.5
36781,4820129.5
36782,6798398.0
36783,5290314.0
36784,5805210.0
36785,5849961.5
36786,6156810.5
36787,5291633.0
36788,5094612.0
36789,6185811.5
36790,6508586.0
36791,5979361.0
36792,10612248.0
36793,4125296.0
36794,3799017.5
36795,7802093.0
36796,8273173.5
36797,9629858.0
36798,5861278.0
36799,6899524.0
36800,10407180.0
36801,7613215.0
36802,5903202.0
36803,10191154.0
36804,5512400.5
36805,5387027.0
36806,5940190.0
36807,7770202.5
36808,4173720.0
36809,17608644.0
36810,5263179.5
36811,5483520.5
36812,3425031.25
36813,5766239.0
36814,10319500.0
36815,19903096.0
36816,6238691.5
36817,4006124.5
36818,7067753.5
36819,5849959.0
36820,5099950.5
36821,5984747.0
36822,11134268.0
36823,6902917.5
36824,8205793.0
36825,13069420.0
36826,5295109.5
36827,6451658.0
36828,8304040.5
36829,4863638.0
36830,8202471.0
36831,11113906.0
36832,7848970.5
36833,9151030.0
36834,5903116.0
36835,4050761.75
36836,4303510.5
36837,6696136.0
36838,7309755.0
36839,13532118.0
36840,5529481.0
36841,9364342.0
36842,7815628.0
36843,6230794.0
36844,5978160.5
36845,8623678.0
36846,10076670.0
36847,5680580.0
36848,7851456.5
36849,7354583.0
36850,6803348.5
36851,6058051.0
36852,5411052.5
36853,5159640.5
36854,11912646.0
36855,7648770.5
36856,4808162.5
36857,7480253.0
36858,5253869.0
36859,4259038.0
36860,9404150.0
36861,5337205.5
36862,8007690.5
36863,5217597.0
36864,13320966.0
36865,5636966.5
36866,9669664.0
36867,5793331.0
36868,6664350.5
36869,3113596.25
36870,6148532.0
36871,7455503.5
36872,8251201.5
36873,11798296.0
36874,10559760.0
36875,5908231.5
36876,4139035.25
36877,7885585.5
36878,13945060.0
36879,7757647.0
36880,3408956.0
36881,14239274.0
36882,9614998.0
36883,3950371.25
36884,7581767.5
36885,3806182.5
36886,7744677.0
36887,10047026.0
36888,5005721.5
36889,4516128.5
36890,9794622.0
36891,6120434.0
36892,5612549.5
36893,4925549.5
36894,4294922.5
36895,11338006.0
36896,6329045.0
36897,5721205.0
36898,9849456.0
36899,10455924.0
36900,6189822.0
36901,3906390.75
36902,6104231.0
36903,14380390.0
36904,6874028.0
36905,4838594.0
36906,4796579.5
36907,8008979.5
36908,10261392.0
36909,11641658.0
36910,5895008.5
36911,6853472.0
36912,12464552.0
36913,8937374.0
36914,6519895.5
36915,5869551.5
36916,23808366.0
36917,6081555.0
36918,9223698.0
36919,5591654.0
36920,4892966.0
36921,6429402.0
36922,4380523.0
36923,8115103.5
36924,6676092.5
36925,7050524.0
36926,6176791.0
36927,12880624.0
36928,4327820.5
36929,4920492.5
36930,8174439.0
36931,8033961.5
36932,9245730.0
36933,9302224.0
36934,11251634.0
36935,9294468.0
36936,5091975.0
36937,9441774.0
36938,6989161.5
36939,7104052.0
36940,7966148.0
36941,5118140.0
36942,5502465.5
36943,4557910.5
36944,7130138.0
36945,11354828.0
36946,6558263.0
36947,4792958.0
36948,6746550.5
36949,13929446.0
36950,5521703.0
36951,15015830.0
36952,9454402.0
36953,16758274.0
36954,3456872.25
36955,4836770.5
36956,6763289.0
36957,6016804.0
36958,6606082.0
36959,8671664.0
36960,8543568.0
36961,5874800.5
36962,7765114.0
36963,5336562.0
36964,15097706.0
36965,6219227.0
36966,6282502.5
36967,6325786.5
36968,6080934.5
36969,6353849.0
36970,9199560.0
36971,15680152.0
36972,4928597.5
36973,8411466.0
36974,8453014.0
36975,6015789.5
36976,15078276.0
36977,5466954.5
36978,7728546.5
36979,3288817.25
36980,6402625.5
36981,4007485.25
36982,5609188.0
36983,6080870.5
36984,4045864.5
36985,5630524.5
36986,4371682.5
36987,8529792.0
36988,8206211.5
36989,4000240.0
36990,7130071.0
36991,7329671.5
36992,8744846.0
36993,3862679.5
36994,6261503.5
36995,6700779.5
36996,8858236.0
36997,8273131.5
36998,11987258.0
36999,6448572.0
37000,7811574.5
37001,8611006.0
37002,5701684.0
37003,7709708.0
37004,10812836.0
37005,5341033.0
37006,12358994.0
37007,6622898.5
37008,7583152.5
37009,6297171.5
37010,6605895.5
37011,7721032.5
37012,6294438.5
37013,7419481.5
37014,10418254.0
37015,8096111.0
37016,10324104.0
37017,12091328.0
37018,6669457.0
37019,4897030.5
37020,3450855.75
37021,12706046.0
37022,5457678.0
37023,5071374.5
37024,10512276.0
37025,5997740.5
37026,6444480.0
37027,5831434.0
37028,3708714.25
37029,12330620.0
37030,7695755.0
37031,5948700.5
37032,12285930.0
37033,45886480.0
37034,12022156.0
37035,14704784.0
37036,12928506.0
37037,9243972.0
37038,3822667.25
37039,6605653.0
37040,9244518.0
37041,7787320.5
37042,3725392.5
37043,6334283.0
37044,10372776.0
37045,5456674.0
37046,4927016.5
37047,10866150.0
37048,5380414.5
37049,3856081.0
37050,6746172.0
37051,9674918.0
37052,5911913.0
37053,9387982.0
37054,9369668.0
37055,6086052.5
37056,4582705.0
37057,5412211.0
37058,5353968.0
37059,8402278.0
37060,5865044.5
37061,4399868.5
37062,7259362.0
37063,10816816.0
37064,13696602.0
37065,7401579.5
37066,5525511.5
37067,5876407.5
37068,11025060.0
37069,5675363.5
37070,5695608.0
37071,10534564.0
37072,7020885.5
37073,5483509.5
37074,7394450.0
37075,5580207.0
37076,34526796.0
37077,5338860.0
37078,6414462.0
37079,5710851.0
37080,4099972.0
37081,4185716.75
37082,6246692.0
37083,3571307.75
37084,6270216.5
37085,4583768.5
37086,5425918.0
37087,6149895.5
37088,8557274.0
37089,11355928.0
37090,6689977.5
37091,8827512.0
37092,7038490.5
37093,5056963.0
37094,7516757.0
37095,5446173.0
37096,3594287.25
37097,9602586.0
37098,9876264.0
37099,6558102.0
37100,7304899.5
37101,7687840.5
37102,6056256.0
37103,5486025.0
37104,7809319.5
37105,9652496.0
37106,5768527.5
37107,5615948.5
37108,6755450.5
37109,7650922.0
37110,7401380.0
37111,5726888.0
37112,7791108.5
37113,4056056.5
37114,7916942.0
37115,12310812.0
37116,7402320.5
37117,6938667.5
37118,4219855.0
37119,13952448.0
37120,5361083.0
37121,6581049.0
37122,7545079.0
37123,6558678.5
37124,5536456.5
37125,8941220.0
37126,9690366.0
37127,5898168.0
37128,8869788.0
37129,6249215.5
37130,3292837.75
37131,10630522.0
37132,6051559.0
37133,4058398.25
37134,19168250.0
37135,3529061.25
37136,7474322.0
37137,7408973.5
37138,5457824.5
37139,4996146.5
37140,5022975.5
37141,7031854.5
37142,5626456.5
37143,14735070.0
37144,11762552.0
37145,3954740.25
37146,6218243.5
37147,4646340.5
37148,7826985.5
37149,7454285.5
37150,9894470.0
37151,12534426.0
37152,16944552.0
37153,6667122.0
37154,8099985.0
37155,11535222.0
37156,13027302.0
37157,9458764.0
37158,3940490.0
37159,5717361.0
37160,9861214.0
37161,8964620.0
37162,6699973.5
37163,5039105.5
37164,8241271.5
37165,8609872.0
37166,4665026.5
37167,4756567.5
37168,6276236.5
37169,10173420.0
37170,7080951.0
37171,8335501.5
37172,6929452.5
37173,3988999.5
37174,7591954.0
37175,13967234.0
37176,6319266.5
37177,5983756.0
37178,8380226.5
37179,4045864.5
37180,4968823.5
37181,6701943.5
37182,6588040.0
37183,6233237.5
37184,7312263.0
37185,5045389.0
37186,6880680.5
37187,5119539.5
37188,5399168.5
37189,5316296.0
37190,6220795.0
37191,6432213.5
37192,11678238.0
37193,10899408.0
37194,4430349.5
37195,8507146.0
37196,7639983.5
37197,5391826.5
37198,39064600.0
37199,6922157.0
37200,4847460.0
37201,8375101.0
37202,15105438.0
37203,7226271.0
37204,6392391.0
37205,6229984.5
37206,10430080.0
37207,6391208.0
37208,8415192.0
37209,4085169.25
37210,9363844.0
37211,6789944.5
37212,10432016.0
37213,8003986.5
37214,10443964.0
37215,8434836.0
37216,9207454.0
37217,11425428.0
37218,5679320.0
37219,8290784.5
37220,7690055.5
37221,3503282.0
37222,11470246.0
37223,4734489.0
37224,5086135.5
37225,5280687.0
37226,11875312.0
37227,18294744.0
37228,5888744.0
37229,4187691.75
37230,5389432.0
37231,7666539.0
37232,14085204.0
37233,4512854.0
37234,6035663.0
37235,14871182.0
37236,6777812.0
37237,8090894.5
37238,5872313.5
37239,7781670.0
37240,6104302.5
37241,5543350.0
37242,8245998.0
37243,6151421.0
37244,5550442.0
37245,4707326.0
37246,5071132.0
37247,8504854.0
37248,7906488.0
37249,4638591.5
37250,6899494.0
37251,6344766.0
37252,5459504.5
37253,3952171.75
37254,6326917.5
37255,8476478.0
37256,6881331.5
37257,7239937.5
37258,6326331.5
37259,11555098.0
37260,12936046.0
37261,6223064.0
37262,6786302.0
37263,6010985.0
37264,5973156.0
37265,5856223.0
37266,16037724.0
37267,5826437.0
37268,6652411.5
37269,5586578.5
37270,5891010.0
37271,6981587.5
37272,5613600.5
37273,4450048.0
37274,5424677.5
37275,8574280.0
37276,9459640.0
37277,6190326.0
37278,6925417.0
37279,8270287.0
37280,6894730.0
37281,5008873.5
37282,8723204.0
37283,4677877.0
37284,6584134.5
37285,3925389.75
37286,4864232.5
37287,10881934.0
37288,5769103.0
37289,6218903.5
37290,4049937.25
37291,4691223.5
37292,9640870.0
37293,3898534.0
37294,12499064.0
37295,6316832.5
37296,6759872.0
37297,5166020.5
37298,6417444.5
37299,6103580.5
37300,7838155.0
37301,4120338.75
37302,7537210.0
37303,9870384.0
37304,4568548.5
37305,6099823.5
37306,3366933.0
37307,5619045.0
37308,7214330.0
37309,7044761.5
37310,5949324.5
37311,6873008.0
37312,3911982.25
37313,7446994.0
37314,11488536.0
37315,7755168.5
37316,6058551.0
37317,6578416.5
37318,5153912.0
37319,5577159.5
37320,9002842.0
37321,6775020.0
37322,9365378.0
37323,12495716.0
37324,6491051.0
37325,9507822.0
37326,5936867.5
37327,8504358.0
37328,5613466.0
37329,5494557.0
37330,5972563.5
37331,4231011.0
37332,14339192.0
37333,5585176.0
37334,5075796.0
37335,5956220.5
37336,8332204.0
37337,5878599.5
37338,5074795.5
37339,6065362.5
37340,8422842.0
37341,4939370.0
37342,5620007.0
37343,4857191.0
37344,10707940.0
37345,5618472.0
37346,3806182.5
37347,8450516.0
37348,5606063.5
37349,8360626.5
37350,12451118.0
37351,6087735.0
37352,3860284.0
37353,5664144.0
37354,5825804.5
37355,9487724.0
37356,6482126.0
37357,5985819.5
37358,7229165.5
37359,4877606.5
37360,5582436.0
37361,5962075.0
37362,11949768.0
37363,5492306.5
37364,4084346.0
37365,4747860.5
37366,7339560.5
37367,8699060.0
37368,7515958.0
37369,6193677.5
37370,12864790.0
37371,3699625.0
37372,7218458.5
37373,10658400.0
37374,4961999.0
37375,4208270.0
37376,15192778.0
37377,6757708.0
37378,3912884.25
37379,8771650.0
37380,8385531.0
37381,6482265.0
37382,9610320.0
37383,7979755.0
37384,4967829.5
37385,7829203.5
37386,12569950.0
37387,5608941.0
37388,7279293.5
37389,5152322.0
37390,5716026.0
37391,7191108.0
37392,9390994.0
37393,7575463.0
37394,5534273.5
37395,6823568.5
37396,5937050.5
37397,3254396.5
37398,6291473.5
37399,12688734.0
37400,5048617.0
37401,7420381.0
37402,10235332.0
37403,7249085.0
37404,6200554.5
37405,5778137.5
37406,4955266.0
37407,4006529.75
37408,4433260.5
37409,12323414.0
37410,6408883.0
37411,5337056.5
37412,2136534.75
37413,5273226.0
37414,4772658.0
37415,12733870.0
37416,3957734.0
37417,4364521.5
37418,6716966.0
37419,5793356.5
37420,8970406.0
37421,8797302.0
37422,7596945.5
37423,7294355.0
37424,13011522.0
37425,8243777.0
37426,5196178.5
37427,5360860.5
37428,8379117.0
37429,13636056.0
37430,4817054.5
37431,3892635.5
37432,7690735.0
37433,9929606.0
37434,5297268.0
37435,5954124.5
37436,6897448.5
37437,9507388.0
37438,5365754.0
37439,10739510.0
37440,8212444.0
37441,10105692.0
37442,8279125.0
37443,4438048.0
37444,4956609.0
37445,4019658.75
37446,7982182.0
37447,7133818.0
37448,12504676.0
37449,8167439.0
37450,10769716.0
37451,12910230.0
37452,6492582.0
37453,9446074.0
37454,3902614.25
37455,7478196.5
37456,7301039.5
37457,4143936.0
37458,7478276.0
37459,12860932.0
37460,15377898.0
37461,5946784.5
37462,6206459.5
37463,3888419.25
37464,15096438.0
37465,6812472.5
37466,5744238.5
37467,10979978.0
37468,4983269.5
37469,9384542.0
37470,4991868.5
37471,7033225.5
37472,5030205.5
37473,6295301.0
37474,7377289.5
37475,14181272.0
37476,7778448.0
37477,5195953.0
37478,3728576.75
37479,4544682.5
37480,8524396.0
37481,12831072.0
37482,6023298.5
37483,8613474.0
37484,26774134.0
37485,5126365.0
37486,6045725.0
37487,4587506.0
37488,6905009.0
37489,8204137.0
37490,14911734.0
37491,5165713.0
37492,6153702.0
37493,5545408.0
37494,5600198.0
37495,11954652.0
37496,3871498.75
37497,7305221.0
37498,4820477.0
37499,8398186.0
37500,3861880.75
37501,3994835.25
37502,5447585.0
37503,9201614.0
37504,6901106.5
37505,3227144.0
37506,7259780.5
37507,9170364.0
37508,13040648.0
37509,11978782.0
37510,5234922.5
37511,6201373.0
37512,6193754.0
37513,6665401.5
37514,7835906.0
37515,5661367.0
37516,4719748.0
37517,5125140.0
37518,6637103.5
37519,4541262.0
37520,4407422.0
37521,7755462.5
37522,8961282.0
37523,3671068.75
37524,3736396.75
37525,7622460.5
37526,13795628.0
37527,5566419.5
37528,4870880.5
37529,4523023.5
37530,11673788.0
37531,8169585.0
37532,14647946.0
37533,9030018.0
37534,6438046.5
37535,6699973.5
37536,13343614.0
37537,11809756.0
37538,6098532.5
37539,11687428.0
37540,3835670.5
37541,3947554.0
37542,7946866.5
37543,8034299.5
37544,10283282.0
37545,5397170.0
37546,6519378.5
37547,6137619.0
37548,5957563.5
37549,4524742.0
37550,4870475.0
37551,5069965.5
37552,8139183.0
37553,12733540.0
37554,24823802.0
37555,12120486.0
37556,7021337.5
37557,6465525.0
37558,5549470.0
37559,3221036.25
37560,4245532.5
37561,7074459.0
37562,7121605.0
37563,11629480.0
37564,7948016.0
37565,9469828.0
37566,21967350.0
37567,22583392.0
37568,4876268.5
37569,9837136.0
37570,5999476.0
37571,12082538.0
37572,6267342.5
37573,4759099.0
37574,12614846.0
37575,5606151.5
37576,12231964.0
37577,11974956.0
37578,10395038.0
37579,10461202.0
37580,6617440.0
37581,6471379.0
37582,9121180.0
37583,8651120.0
37584,7171142.0
37585,6333898.5
37586,9031782.0
37587,7040255.5
37588,4163061.75
37589,8265436.5
37590,5869635.5
37591,13273862.0
37592,5187938.0
37593,4031196.75
37594,6005087.5
37595,8040970.5
37596,13516992.0
37597,5787005.5
37598,4004030.5
37599,19301200.0
37600,5794641.5
37601,5283586.0
37602,8228398.0
37603,12755130.0
37604,14558640.0
37605,9974796.0
37606,10759176.0
37607,6997495.0
37608,9800024.0
37609,5793201.5
37610,3919193.5
37611,6993781.5
37612,7666010.0
37613,5464138.0
37614,5825447.5
37615,6488151.0
37616,5098479.0
37617,6497795.0
37618,12910398.0
37619,4436033.0
37620,8370267.5
37621,9781806.0
37622,9964126.0
37623,6695549.0
37624,5045795.0
37625,12599346.0
37626,10176722.0
37627,5104665.0
37628,6209845.5
37629,8686124.0
37630,4031145.0
37631,7772203.5
37632,6535070.0
37633,5168691.0
37634,8504124.0
37635,13356414.0
37636,11926076.0
37637,6763176.0
37638,5453653.0
37639,6374601.0
37640,3808964.75
37641,11076024.0
37642,9926318.0
37643,9305740.0
37644,6606268.5
37645,11375854.0
37646,8388049.0
37647,9268976.0
37648,9054438.0
37649,11548770.0
37650,7382552.0
37651,6738769.5
37652,6958526.0
37653,6516794.0
37654,7139502.0
37655,7237511.0
37656,4976539.0
37657,6682140.0
37658,6571787.5
37659,7610773.5
37660,5606484.5
37661,6797871.5
37662,3961076.0
37663,8814246.0
37664,5799535.0
37665,25063526.0
37666,6649185.5
37667,7927180.0
37668,4779256.5
37669,7940898.0
37670,10546836.0
37671,8037891.0
37672,8725168.0
37673,4942831.0
37674,4741771.5
37675,7327463.5
37676,5663023.0
37677,4646747.5
37678,6608472.0
37679,7537506.0
37680,6799083.5
37681,20158434.0
37682,6733199.0
37683,3590742.0
37684,12030730.0
37685,6138731.0
37686,19275512.0
37687,7532067.5
37688,5475313.0
37689,4886393.0
37690,5601805.5
37691,4952052.5
37692,6547534.5
37693,6787903.0
37694,7568116.0
37695,10715116.0
37696,4333059.0
37697,11646804.0
37698,6251460.5
37699,7602203.5
37700,3953054.75
37701,6382959.0
37702,4663470.5
37703,6230448.0
37704,10503782.0
37705,6409758.0
37706,4676274.5
37707,6893131.5
37708,5731745.0
37709,8317547.0
37710,11538038.0
37711,8404668.0
37712,7392124.5
37713,4018356.0
37714,6150036.0
37715,6787473.0
37716,8194682.5
37717,10960150.0
37718,5675610.0
37719,6377010.5
37720,13487824.0
37721,8306366.0
37722,5363827.0
37723,11231092.0
37724,10360206.0
37725,4986619.0
37726,4428451.5
37727,11318342.0
37728,6027067.0
37729,24061706.0
37730,19191260.0
37731,5943638.0
37732,6395228.0
37733,14793226.0
37734,6736121.0
37735,5171438.0
37736,5985805.0
37737,4275698.5
37738,6601663.0
37739,6986676.5
37740,6731783.5
37741,9620020.0
37742,5447205.0
37743,6066824.5
37744,7793984.5
37745,5905820.5
37746,12301930.0
37747,7237834.5
37748,4402616.0
37749,6119480.0
37750,4382548.0
37751,7532478.5
37752,7112617.5
37753,34352216.0
37754,6605884.0
37755,4268657.0
37756,8193391.0
37757,7823114.5
37758,5219117.5
37759,8289562.0
37760,7264218.5
37761,3873129.0
37762,6642124.5
37763,14533810.0
37764,13660108.0
37765,3960244.5
37766,7796990.5
37767,6497043.5
37768,12033746.0
37769,10049296.0
37770,6649016.0
37771,8101610.5
37772,8249457.0
37773,8510842.0
37774,8975266.0
37775,3813615.25
37776,8699308.0
37777,7142100.0
37778,7256542.0
37779,5572618.0
37780,5773715.5
37781,3692728.25
37782,7539659.0
37783,5777194.5
37784,10947324.0
37785,6788246.5
37786,6804258.5
37787,8381961.0
37788,3820390.0
37789,10923300.0
37790,3493436.75
37791,3806182.5
37792,3352372.5
37793,8091487.5
37794,9708288.0
37795,12025836.0
37796,5729265.0
37797,5506378.5
37798,8455770.0
37799,5273495.0
37800,5804658.5
37801,5195793.0
37802,5459661.0
37803,8251009.5
37804,9764192.0
37805,7377729.0
37806,12255948.0
37807,5222430.0
37808,11734534.0
37809,4968816.0
37810,6359815.5
37811,8634922.0
37812,5703201.0
37813,6218811.5
37814,9586326.0
37815,14518378.0
37816,5976864.0
37817,6023070.5
37818,10011716.0
37819,8513926.0
37820,4731464.5
37821,3006713.0
37822,8031565.5
37823,14654970.0
37824,4926271.0
37825,17643776.0
37826,5097684.0
37827,10764700.0
37828,5714346.0
37829,24564756.0
37830,5551984.0
37831,7478566.0
37832,8401842.0
37833,3977772.25
37834,6521886.0
37835,9521518.0
37836,5035007.0
37837,8029845.0
37838,7771319.5
37839,8273644.0
37840,7111428.5
37841,5874578.5
37842,7723380.0
37843,5552078.0
37844,5110211.0
37845,7648144.5
37846,5832487.5
37847,5065207.0
37848,6510674.5
37849,5720274.5
37850,10479944.0
37851,7481472.0
37852,8082488.0
37853,7197636.5
37854,5716815.5
37855,5518355.0
37856,8570624.0
37857,4520617.5
37858,6811490.5
37859,6239684.0
37860,5762816.0
37861,6398472.5
37862,7163847.0
37863,8284075.5
37864,5181283.0
37865,10255714.0
37866,9517070.0
37867,4066908.75
37868,10057476.0
37869,22354722.0
37870,5549349.0
37871,9650634.0
37872,7888477.0
37873,5382737.0
37874,13038546.0
37875,6220091.0
37876,12104898.0
37877,5574977.5
37878,5216569.5
37879,8817558.0
37880,4909789.5
37881,12563438.0
37882,4738091.5
37883,8055237.5
37884,6724186.0
37885,5468902.5
37886,4452941.0
37887,3285644.5
37888,9661818.0
37889,6715697.5
37890,5719279.0
37891,8865108.0
37892,10979134.0
37893,10284810.0
37894,3840096.0
37895,7936395.0
37896,8037088.0
37897,5624995.5
37898,11264642.0
37899,7664445.5
37900,5588153.5
37901,5766523.5
37902,5767794.0
37903,7266981.0
37904,5249260.0
37905,6465585.5
37906,8506772.0
37907,12154928.0
37908,8778496.0
37909,6344277.5
37910,9822776.0
37911,4595418.5
37912,7698112.0
37913,7202893.5
37914,8330366.5
37915,8237170.0
37916,13395472.0
37917,9234154.0
37918,6045872.5
37919,6145669.0
37920,5366538.5
37921,6644626.5
37922,4844824.5
37923,6587734.5
37924,4760481.0
37925,3940878.0
37926,7248986.5
37927,6080960.0
37928,23359668.0
37929,18417196.0
37930,3701068.25
37931,5023490.0
37932,5110651.5
37933,7038845.5
37934,4453605.0
37935,6699125.0
37936,6309644.5
37937,6675684.5
37938,6638250.0
37939,11244318.0
37940,12239698.0
37941,35108376.0
37942,3202057.75
37943,6775052.0
37944,9437712.0
37945,7349592.0
37946,6816952.0
37947,7138028.0
37948,24010508.0
37949,6890384.0
37950,8723952.0
37951,5806087.5
37952,5980386.5
37953,3616621.75
37954,4928334.0
37955,8795900.0
37956,8654704.0
37957,5088327.0
37958,9236728.0
37959,7303852.0
37960,6180398.5
37961,5382448.5
37962,3412666.25
37963,13184550.0
37964,8958526.0
37965,7612203.0
37966,7103199.0
37967,6802142.5
37968,6820878.0
37969,4716782.5
37970,5446002.0
37971,14200012.0
37972,6622777.0
37973,6104422.0
37974,10953590.0
37975,7971401.0
37976,4390228.5
37977,5879883.5
37978,10304048.0
37979,2971095.75
37980,14198076.0
37981,4983541.5
37982,4395212.0
37983,6500199.5
37984,4803265.5
37985,4772476.0
37986,7435182.5
37987,7716978.0
37988,7649235.0
37989,11121928.0
37990,7292341.5
37991,6468456.0
37992,7835035.5
37993,5598598.0
37994,4501961.5
37995,5640297.5
37996,5837660.5
37997,6528736.5
37998,6421033.0
37999,7563579.0
38000,3378819.25
38001,5883723.5
38002,4810649.0
38003,8830512.0
38004,7198387.5
38005,9343286.0
38006,4041713.75
38007,5336363.5
38008,4755536.0
38009,8636936.0
38010,8811448.0
38011,9898154.0
38012,8368357.5
38013,5875893.5
38014,6439910.0
38015,4618381.0
38016,7445946.0
38017,7756161.0
38018,7358342.0
38019,10971982.0
38020,6406140.0
38021,11650308.0
38022,7060684.5
38023,7810751.5
38024,9281898.0
38025,9748496.0
38026,6776078.0
38027,11647550.0
38028,8359395.5
38029,10578810.0
38030,5532945.0
38031,11078000.0
38032,5859341.5
38033,6759377.5
38034,8096316.0
38035,5647924.0
38036,6603926.5
38037,5967747.5
38038,9684594.0
38039,5512473.5
38040,6233100.0
38041,8574238.0
38042,8293260.5
38043,16175826.0
38044,11392478.0
38045,7350849.0
38046,7356972.5
38047,6412106.5
38048,6952618.5
38049,7245508.5
38050,3995447.0
38051,6230511.0
38052,11323032.0
38053,9775508.0
38054,8619138.0
38055,8083078.5
38056,8911786.0
38057,4941439.5
38058,3747109.75
38059,8624372.0
38060,10397630.0
38061,6850914.5
38062,5273495.0
38063,14021174.0
38064,13280406.0
38065,8133802.5
38066,6975226.0
38067,5052617.5
38068,15808140.0
38069,6415584.0
38070,8347296.0
38071,6202297.0
38072,10820884.0
38073,7083700.0
38074,5635689.0
38075,18298090.0
38076,6394861.0
38077,6359724.5
38078,14953298.0
38079,4481246.5
38080,6183164.5
38081,20796888.0
38082,6153702.0
38083,7138996.0
38084,4684119.5
38085,10001792.0
38086,5797017.0
38087,9831192.0
38088,6707264.5
38089,4895365.5
38090,5938681.0
38091,12126554.0
38092,16304242.0
38093,6704998.5
38094,7830684.5
38095,12468354.0
38096,3859911.75
38097,10286840.0
38098,4196869.0
38099,21049838.0
38100,5878243.0
38101,6936967.0
38102,10644726.0
38103,15389606.0
38104,12168016.0
38105,6875010.5
38106,6261515.0
38107,3338822.5
38108,12332590.0
38109,6138716.5
38110,4778068.0
38111,5104665.0
38112,3806182.5
38113,7492769.0
38114,8171534.0
38115,3819573.5
38116,7576371.5
38117,6593530.5
38118,7553319.0
38119,3727566.0
38120,6887226.5
38121,4847522.5
38122,8970218.0
38123,5692360.0
38124,7085255.0
38125,8161719.0
38126,9488276.0
38127,7925575.0
38128,2472345.5
38129,3766122.25
38130,5023165.0
38131,8634908.0
38132,5273495.0
38133,5245650.0
38134,5364456.0
38135,8979474.0
